Ambient Temperature(C): 21.7
Ambient Pressure(in Hg): 
Time(s)	T1(Deg C)	Wall Temp(Deg C)	Top Plate(Deg C)	Bottom Plate(Deg C)	P1(PSI)	P2(PSI)	Mass Flowrate(g/min)	Heater Energy (kJ)

0.00	41.60	37.60	30.90	26.20	1.00	2.40	0.00	0.00
0.10	41.60	37.60	30.90	26.20	1.00	2.40	0.00	0.00
0.20	41.70	37.70	30.80	26.00	1.10	1.90	0.00	0.00
0.30	41.60	37.60	30.90	26.10	0.80	1.60	0.00	0.00
0.40	41.60	37.60	30.90	26.10	1.10	2.10	0.00	0.00
0.50	41.60	37.60	30.90	26.10	0.80	2.10	0.00	0.00
0.60	41.70	37.60	30.90	26.20	0.80	2.40	0.00	0.00
0.70	41.70	37.60	30.90	26.20	1.10	1.60	0.00	0.00
0.80	41.70	37.70	31.10	26.30	1.10	1.70	0.00	0.00
0.90	41.90	37.90	31.10	26.40	1.00	2.10	0.00	0.00
1.00	41.90	37.90	31.10	26.40	1.00	2.10	0.00	0.00
1.10	41.70	37.60	30.90	26.10	1.30	2.10	0.00	0.00
1.20	41.60	37.60	30.90	26.10	1.10	1.70	0.00	0.00
1.30	41.60	37.60	30.90	26.10	0.50	2.20	0.00	0.00
1.40	41.60	37.50	30.90	26.10	0.80	2.20	0.00	0.00
1.50	41.60	37.50	30.90	26.10	1.10	1.70	0.00	0.00
1.60	41.60	37.60	30.80	26.10	1.30	2.10	0.00	0.00
1.70	41.70	37.50	30.80	26.00	1.10	1.90	0.00	0.00
1.80	41.70	37.50	30.80	26.00	1.30	1.60	0.00	0.00
1.90	41.80	37.70	31.00	26.10	1.30	1.60	0.00	0.00
2.00	41.70	37.60	30.90	26.10	1.10	1.60	0.00	0.00
2.10	41.70	37.60	30.90	26.10	1.10	1.70	0.00	0.00
2.20	41.60	37.50	30.80	26.00	1.00	2.10	0.00	0.00
2.30	41.70	37.60	31.00	26.10	1.30	2.10	0.00	0.00
2.40	41.70	37.60	31.00	26.10	1.10	1.90	0.00	0.00
2.50	41.80	37.60	30.90	26.20	0.70	1.90	0.00	0.00
2.60	41.70	37.60	31.00	26.10	1.00	0.20	0.00	0.00
2.70	41.70	37.60	31.00	26.10	0.80	1.90	0.00	0.00
2.80	41.70	37.60	30.90	26.10	1.00	1.90	0.00	0.00
2.90	41.80	37.70	31.00	26.20	1.00	1.90	0.00	0.00
3.00	41.80	37.70	31.00	26.20	1.00	2.20	0.00	0.00
3.10	41.70	37.70	31.00	26.20	0.80	2.10	0.00	0.00
3.20	41.80	37.70	30.90	26.20	1.00	2.10	0.00	0.00
3.30	41.80	37.70	30.90	26.20	1.00	2.10	0.00	0.00
3.40	41.80	37.70	31.00	26.10	1.10	2.20	0.00	0.00
3.50	41.80	37.70	31.00	26.10	0.70	1.70	0.00	0.00
3.60	41.80	37.70	30.90	26.10	1.10	2.10	0.00	0.00
3.70	41.70	37.60	30.80	26.00	1.50	2.10	0.00	0.00
3.80	41.70	37.60	30.80	26.00	1.50	2.10	0.00	0.00
3.90	41.70	37.70	30.90	26.20	1.50	0.20	0.00	0.00
4.00	41.70	37.70	30.90	26.20	1.10	2.10	0.00	0.00
4.10	41.70	37.60	30.90	26.10	1.00	2.20	0.00	0.00
4.20	41.80	37.70	31.00	26.20	1.10	2.50	0.00	0.00
4.30	41.80	37.70	31.00	26.20	1.00	1.70	0.00	0.00
4.40	41.70	37.70	30.90	26.10	0.70	2.10	0.00	0.00
4.50	41.70	37.60	30.90	26.10	1.00	2.50	0.00	0.00
4.60	41.70	37.60	30.90	26.10	0.80	1.70	0.00	0.00
4.70	41.70	37.60	31.00	26.10	1.00	1.70	0.00	0.00
4.80	41.70	37.60	31.00	26.10	0.80	2.10	0.00	0.00
4.90	41.80	37.70	31.00	26.20	1.50	2.10	0.00	0.00
5.00	41.70	37.60	30.90	26.10	1.10	1.70	0.00	0.00
5.10	41.70	37.60	30.90	26.10	1.30	2.20	0.00	0.00
5.20	41.60	37.60	30.90	26.10	0.80	1.90	0.00	0.00
5.30	41.70	37.70	30.90	26.20	1.00	1.00	0.00	0.00
5.40	41.70	37.70	30.90	26.20	1.00	2.20	0.00	0.00
5.50	41.70	37.70	31.00	26.10	1.50	2.10	0.00	0.00
5.60	41.70	37.70	31.00	26.10	0.80	2.10	0.00	0.00
5.70	41.70	37.70	31.00	26.10	0.80	2.10	0.00	0.00
5.80	41.60	37.60	30.90	26.10	0.70	1.60	0.00	0.00
5.90	41.60	37.60	30.90	26.20	0.80	1.70	0.00	0.00
6.00	41.60	37.60	30.90	26.20	0.70	1.70	0.00	0.00
6.10	41.70	37.70	30.80	26.20	1.00	1.90	0.00	0.00
6.20	41.70	37.60	30.90	26.10	1.10	2.40	0.00	0.00
6.30	41.70	37.60	30.90	26.10	1.10	2.50	0.00	0.00
6.40	41.70	37.60	30.90	26.00	0.80	2.50	0.00	0.00
6.50	41.70	37.60	30.90	26.00	1.00	1.70	0.00	0.00
6.60	41.70	37.70	30.90	26.10	1.00	1.70	0.00	0.00
6.70	41.70	37.80	30.90	26.20	0.70	1.70	0.00	0.00
6.80	41.70	37.80	30.90	26.20	0.20	2.10	0.00	0.00
6.90	41.70	37.70	31.00	26.00	1.00	1.70	0.00	0.00
7.00	41.70	37.50	30.80	26.00	1.30	1.90	0.00	0.00
7.10	41.70	37.50	30.80	26.00	1.10	2.20	0.00	0.00
7.20	41.60	37.70	30.90	26.10	1.30	2.40	0.00	0.00
7.30	41.70	37.60	30.90	26.10	0.40	2.10	0.00	0.00
7.40	41.70	37.60	30.90	26.10	1.00	1.90	0.00	0.00
7.50	41.60	37.60	30.90	26.20	1.00	2.10	0.00	0.00
7.60	41.60	37.60	30.80	26.10	1.00	2.10	0.00	0.00
7.70	41.60	37.60	30.80	26.10	1.30	1.90	0.00	0.00
7.80	41.60	37.50	30.90	26.00	1.10	2.70	0.00	0.00
7.90	41.60	37.50	30.90	26.00	1.50	1.90	0.00	0.00
8.00	41.60	37.60	30.90	26.10	1.10	1.70	0.00	0.00
8.10	41.60	37.60	30.90	26.10	1.00	2.10	0.00	0.00
8.20	41.60	37.60	30.90	26.10	0.70	1.70	0.00	0.00
8.30	41.70	37.60	31.00	26.10	1.30	1.90	0.00	0.00
8.40	41.60	37.50	30.80	26.00	1.50	1.60	0.00	0.00
8.50	41.60	37.50	30.80	26.00	0.80	2.10	0.00	0.00
8.60	41.70	37.70	31.00	26.00	0.80	2.10	0.00	0.00
8.70	41.40	37.50	30.70	26.00	1.10	2.10	0.00	0.00
8.80	41.40	37.50	30.70	26.00	1.00	1.90	0.00	0.00
8.90	41.70	37.70	30.90	26.10	0.70	2.10	0.00	0.00
9.00	41.80	37.70	30.90	26.20	1.30	2.10	0.00	0.00
9.10	41.80	37.70	30.90	26.20	1.00	1.90	0.00	0.00
9.20	41.70	37.70	30.90	26.10	1.30	1.90	0.00	0.00
9.30	41.80	37.80	31.00	26.10	0.80	1.70	0.00	0.00
9.40	41.80	37.80	31.00	26.10	1.00	2.10	0.00	0.00
9.50	41.70	37.60	31.00	26.10	0.80	2.10	0.00	0.00
9.60	41.70	37.70	30.90	26.10	0.80	2.10	0.00	0.00
9.70	41.70	37.70	30.90	26.10	1.10	2.10	0.00	0.00
9.80	41.60	37.60	30.90	26.10	1.50	1.90	0.00	0.00
9.90	41.70	37.70	30.90	26.10	0.80	2.20	0.00	0.00
10.00	41.70	37.70	30.90	26.10	1.00	2.10	0.00	0.00
10.10	41.70	37.80	30.80	26.10	1.10	1.70	0.00	0.00
10.20	41.70	37.80	30.80	26.10	1.10	1.60	0.00	0.00
10.30	41.80	37.70	30.90	26.10	0.80	1.60	0.00	0.00
10.40	41.70	37.70	30.90	26.10	1.10	1.60	0.00	0.00
10.50	41.70	37.70	30.90	26.10	1.10	1.60	0.00	0.00
10.60	41.70	37.80	31.00	26.10	1.00	2.10	0.00	0.00
10.70	41.60	37.60	30.90	26.10	0.70	2.10	0.00	0.00
10.80	41.60	37.60	30.90	26.10	1.10	2.10	0.00	0.00
10.90	41.80	37.70	30.90	26.10	1.10	1.90	0.00	0.00
11.00	41.80	37.70	30.90	26.10	0.70	2.10	0.00	0.00
11.10	41.90	37.80	30.90	26.20	1.10	1.40	0.00	0.00
11.20	41.70	37.70	30.90	26.20	0.70	1.70	0.00	0.00
11.30	41.70	37.70	30.90	26.20	0.50	2.10	0.00	0.00
11.40	41.80	37.80	31.10	26.10	0.80	2.10	0.00	0.00
11.50	41.60	37.50	30.80	26.00	0.80	2.10	0.00	0.00
11.60	41.60	37.50	30.80	26.00	0.70	1.70	0.00	0.00
11.70	41.70	37.70	30.90	26.00	1.00	2.20	0.00	0.00
11.80	41.70	37.70	30.90	26.00	1.10	1.70	0.00	0.00
11.90	41.70	37.60	30.80	26.00	1.10	1.90	0.00	0.00
12.00	41.80	37.70	31.00	26.20	1.80	1.40	0.00	0.00
12.10	41.80	37.70	31.00	26.20	1.00	2.20	0.00	0.00
12.20	41.80	37.70	31.00	26.20	1.10	1.90	0.00	0.00
12.30	41.70	37.80	31.00	26.10	1.10	2.20	0.00	0.00
12.40	41.70	37.80	31.00	26.10	0.70	1.90	0.00	0.00
12.50	41.80	37.70	31.00	26.30	0.70	1.90	0.00	0.00
12.60	41.80	37.70	31.00	26.30	1.00	2.20	0.00	0.00
12.70	41.70	37.70	30.80	26.10	0.80	1.60	0.00	0.00
12.80	41.80	37.70	31.00	26.30	-0.50	2.10	0.00	0.00
12.90	41.80	37.70	31.00	26.30	1.00	2.40	0.00	0.00
13.00	41.70	37.70	30.90	26.10	1.00	2.20	0.00	0.00
13.10	41.70	37.70	30.90	26.10	0.80	2.20	0.00	0.00
13.20	41.70	37.70	30.90	26.10	1.30	1.70	0.00	0.00
13.30	41.70	37.70	31.00	26.10	0.80	1.90	0.00	0.00
13.40	41.70	37.70	31.00	26.10	0.80	1.90	0.00	0.00
13.50	41.70	37.70	31.00	26.10	0.80	1.90	0.00	0.00
13.60	41.70	37.70	30.90	26.20	1.60	1.60	0.00	0.00
13.70	41.60	37.70	30.90	26.20	1.50	1.60	0.00	0.00
13.80	41.60	37.70	30.90	26.20	1.10	2.40	0.00	0.00
13.90	41.70	37.70	30.90	26.10	1.00	2.10	0.00	0.00
14.00	41.70	37.60	30.90	26.10	1.10	1.90	0.00	0.00
14.10	41.70	37.60	30.90	26.10	1.10	2.40	0.00	0.00
14.20	41.70	37.80	31.00	26.20	1.00	2.10	0.00	0.00
14.30	41.60	37.60	30.90	26.00	1.00	2.10	0.00	0.00
14.40	41.60	37.60	30.90	26.00	1.10	1.90	0.00	0.00
14.50	41.70	37.70	30.90	26.10	1.10	2.40	0.00	0.00
14.60	41.80	37.80	31.00	26.10	1.00	1.60	0.00	0.00
14.70	41.80	37.80	31.00	26.10	1.30	2.20	0.00	0.00
14.80	41.80	37.80	31.00	26.20	1.10	2.50	0.00	0.00
14.90	41.70	37.70	30.90	26.10	0.70	2.10	0.00	0.00
15.00	41.70	37.70	30.90	26.10	1.10	2.20	0.00	0.00
15.10	41.80	37.70	30.90	26.20	0.80	2.20	0.00	0.00
15.20	39.00	37.70	30.90	26.10	0.80	2.20	0.00	0.00
15.30	39.00	37.70	30.90	26.10	3.50	2.70	0.00	0.00
15.40	40.80	37.60	30.90	26.20	3.80	3.00	0.00	0.00
15.50	41.30	37.70	30.90	26.20	3.60	3.10	0.00	0.00
15.60	41.30	37.70	30.90	26.20	3.30	2.80	0.00	0.00
15.70	41.80	37.80	31.00	26.20	3.30	2.80	0.00	0.00
15.80	41.90	37.70	30.90	26.00	3.30	2.80	0.00	0.00
15.90	41.90	37.70	30.90	26.00	3.10	3.10	0.00	0.00
16.00	42.30	37.70	30.90	26.10	3.60	2.70	0.00	0.00
16.10	42.20	37.80	31.00	26.20	3.60	2.70	0.00	0.00
16.20	42.20	37.80	31.00	26.20	3.50	2.80	0.00	0.00
16.30	42.10	37.80	30.80	26.20	3.50	2.20	0.00	0.00
16.40	42.10	37.50	30.90	26.10	3.60	2.50	0.00	0.00
16.50	42.10	37.50	30.90	26.10	3.60	2.50	0.00	0.00
16.60	42.10	37.70	30.90	26.20	3.10	2.40	0.00	0.00
16.70	42.20	37.70	31.00	26.20	3.10	3.00	0.00	0.00
16.80	42.20	37.70	31.00	26.20	3.30	2.80	0.00	0.00
16.90	42.10	37.80	31.00	26.20	3.50	2.70	0.00	0.00
17.00	42.00	37.70	31.00	26.00	3.50	2.70	0.00	0.00
17.10	42.00	37.70	31.00	26.00	3.50	2.80	0.00	0.00
17.20	42.00	37.70	30.90	26.10	2.40	2.80	0.00	0.00
17.30	42.00	37.70	30.90	26.20	3.10	2.80	0.00	0.00
17.40	42.00	37.70	30.90	26.20	3.60	2.80	0.00	0.00
17.50	41.90	37.60	30.90	26.20	2.80	2.20	0.00	0.00
17.60	42.10	37.80	31.10	26.30	3.50	2.70	0.00	0.00
17.70	42.10	37.80	31.10	26.30	3.60	2.70	0.00	0.00
17.80	41.90	37.70	30.90	26.10	3.30	2.70	0.00	0.00
17.90	41.90	37.70	30.90	26.10	3.30	2.70	0.00	0.00
18.00	42.10	37.90	31.00	26.30	3.00	2.50	0.00	0.00
18.10	41.90	37.90	31.00	26.10	3.10	2.50	0.00	0.00
18.20	41.90	37.90	31.00	26.10	3.00	2.80	0.00	0.00
18.30	41.90	37.70	30.90	26.20	2.80	2.70	0.00	0.00
18.40	41.80	37.70	31.00	26.10	3.10	2.80	0.00	0.00
18.50	41.80	37.70	31.00	26.10	3.50	2.70	0.00	0.00
18.60	41.90	37.80	30.80	26.10	3.00	2.70	0.00	0.00
18.70	41.90	37.70	30.90	26.30	3.50	2.70	0.00	0.00
18.80	41.90	37.70	30.90	26.30	3.10	2.70	0.00	0.00
18.90	41.80	37.80	30.90	26.20	3.50	3.10	0.00	0.00
19.00	41.70	37.70	30.90	26.10	3.00	2.80	0.00	0.00
19.10	41.70	37.70	30.90	26.10	3.00	2.70	0.00	0.00
19.20	41.80	37.60	30.90	26.10	3.10	2.50	0.00	0.00
19.30	42.00	37.80	31.00	26.20	3.30	2.50	0.00	0.00
19.40	42.00	37.80	31.00	26.20	3.60	2.50	0.00	0.00
19.50	41.80	37.60	30.90	26.20	3.10	2.50	0.00	0.00
19.60	41.80	37.60	30.90	26.20	3.10	2.50	0.00	0.00
19.70	41.70	37.70	30.90	26.10	3.10	2.50	0.00	0.00
19.80	41.60	37.60	30.80	26.00	2.80	2.70	0.00	0.00
19.90	41.60	37.60	30.80	26.00	3.30	2.40	0.00	0.00
20.00	41.70	37.80	30.90	26.20	3.30	2.20	0.00	0.00
20.10	41.80	37.60	30.90	26.10	3.00	2.70	0.00	0.00
20.20	41.80	37.60	30.90	26.10	3.50	2.70	0.00	0.00
20.30	41.80	37.60	30.90	26.10	3.30	2.80	0.00	0.00
20.40	41.80	37.60	30.90	26.00	3.30	2.50	0.00	0.00
20.50	41.80	37.60	30.90	26.00	3.50	3.00	0.00	0.00
20.60	41.80	37.70	30.90	26.10	3.50	3.00	0.00	0.00
20.70	41.70	37.70	30.90	26.10	3.00	3.10	0.00	0.00
20.80	41.70	37.70	30.90	26.10	3.30	3.00	0.00	0.00
20.90	41.70	37.70	30.90	26.10	3.60	2.80	0.00	0.00
21.00	41.70	37.70	31.00	26.10	3.10	2.40	0.00	0.00
21.10	41.80	37.80	31.10	26.30	3.90	2.40	0.00	0.00
21.20	41.80	37.80	31.10	26.30	3.30	2.70	0.00	0.00
21.30	41.70	37.70	31.00	26.10	3.10	2.50	0.00	0.00
21.40	41.70	37.70	31.00	26.10	3.30	3.00	0.00	0.00
21.50	41.80	37.60	30.90	26.20	3.50	2.80	0.00	0.00
21.60	41.80	37.70	30.90	26.20	3.50	2.80	0.00	0.00
21.70	41.80	37.70	30.90	26.20	3.00	2.50	0.00	0.00
21.80	41.80	37.80	30.90	26.20	3.30	2.80	0.00	0.00
21.90	41.70	37.70	30.90	26.10	3.30	2.80	2.14	0.00
22.00	41.70	37.70	30.90	26.10	3.30	3.00	9.86	0.00
22.10	41.70	37.80	31.00	26.20	3.50	2.70	8.77	0.00
22.20	41.70	37.60	30.90	26.20	3.50	2.70	7.97	0.00
22.30	41.70	37.60	30.90	26.20	3.30	2.40	7.19	0.00
22.40	41.80	37.70	30.90	26.20	3.30	3.00	6.20	0.00
22.50	41.80	37.70	31.00	26.10	3.30	3.00	5.49	0.00
22.60	41.80	37.70	31.00	26.10	3.60	2.70	5.08	0.00
22.70	41.90	37.70	31.00	26.20	4.20	2.70	4.75	0.00
22.80	41.80	37.70	31.00	26.20	3.10	2.20	4.48	0.00
22.90	41.80	37.70	31.00	26.20	3.50	2.80	4.22	0.00
23.00	41.80	37.70	30.90	26.20	3.60	2.80	3.99	0.00
23.10	41.80	37.60	30.80	26.00	3.30	2.10	3.79	0.00
23.20	41.80	37.60	30.80	26.00	3.80	2.40	3.60	0.00
23.30	42.00	37.70	30.90	26.20	3.50	2.50	3.56	0.00
23.40	42.00	37.70	30.90	26.20	3.50	2.50	3.74	0.00
23.50	42.00	37.70	30.90	26.20	3.30	2.80	3.99	0.00
23.60	41.90	37.70	30.90	26.20	3.50	2.50	4.13	0.00
23.70	41.90	37.70	30.90	26.20	3.60	2.70	5.34	0.00
23.80	41.90	37.80	30.80	26.10	3.90	2.50	8.95	0.00
23.90	41.90	37.80	30.80	26.10	3.80	2.70	11.76	0.00
24.00	41.90	37.80	30.80	26.10	3.00	2.80	13.19	0.00
24.10	42.10	37.80	31.10	26.20	3.60	2.20	13.37	0.00
24.20	41.90	37.60	30.80	25.90	3.60	2.70	13.27	0.00
24.30	41.90	37.60	30.80	25.90	3.80	2.70	13.18	0.00
24.40	42.10	37.70	30.80	26.10	3.80	2.50	13.10	0.00
24.50	42.20	37.70	30.90	26.10	3.80	2.50	13.00	0.00
24.60	42.20	37.70	30.90	26.10	3.80	2.50	13.97	0.00
24.70	42.00	37.60	30.90	26.00	4.40	2.70	15.56	0.00
24.80	42.20	37.70	30.90	26.20	4.10	2.80	16.62	0.00
24.90	42.20	37.70	30.90	26.20	3.60	2.50	17.18	0.00
25.00	42.30	37.70	31.00	26.20	3.80	2.70	17.61	0.00
25.10	42.30	37.80	31.00	26.20	4.20	2.70	18.06	0.00
25.20	42.30	37.80	31.00	26.20	5.00	2.80	18.29	0.00
25.30	42.30	37.60	30.90	26.10	5.00	2.80	18.33	0.00
25.40	42.30	37.70	30.80	26.10	4.50	2.80	18.27	0.00
25.50	42.30	37.70	30.80	26.10	4.50	2.80	18.21	0.00
25.60	42.40	37.70	30.90	26.20	4.50	2.80	18.17	0.00
25.70	42.40	37.70	30.90	26.20	4.20	2.50	18.12	0.00
25.80	42.40	37.60	30.90	26.20	4.80	2.70	18.07	0.00
25.90	42.40	37.60	30.90	26.00	5.30	2.40	18.03	0.00
26.00	42.40	37.60	30.90	26.00	4.70	2.50	18.00	0.00
26.10	42.50	37.50	30.90	26.00	4.70	2.40	18.02	0.00
26.20	42.50	37.50	30.90	26.00	4.70	2.40	19.94	0.00
26.30	42.60	37.70	31.10	26.20	5.00	2.70	21.55	0.00
26.40	42.70	37.60	31.00	26.20	4.70	3.00	22.52	0.00
26.50	42.70	37.60	31.00	26.20	5.90	2.40	23.15	0.00
26.60	42.60	37.70	30.80	26.20	5.10	2.50	23.53	0.00
26.70	42.60	37.50	30.90	26.00	5.10	2.70	24.09	0.00
26.80	42.60	37.50	30.90	26.00	5.30	2.50	24.63	0.00
26.90	42.70	37.70	31.00	26.20	5.30	2.50	25.29	0.00
27.00	42.70	37.70	31.00	26.20	5.50	2.80	26.27	0.00
27.10	42.70	37.50	30.90	26.10	5.60	2.50	27.55	0.00
27.20	42.80	37.60	30.80	26.10	5.60	2.50	28.52	0.00
27.30	42.80	37.60	30.80	26.10	5.50	2.50	29.11	0.00
27.40	42.90	37.60	30.90	26.00	6.10	2.80	29.56	0.00
27.50	42.90	37.60	30.90	26.00	5.90	2.50	30.12	0.00
27.60	42.90	37.40	30.90	26.10	5.60	2.70	30.55	0.00
27.70	43.00	37.60	31.00	26.10	5.80	3.00	31.01	0.00
27.80	43.00	37.60	31.00	26.10	5.80	3.00	31.74	0.00
27.90	43.10	37.50	30.90	26.20	6.50	2.20	32.77	0.00
28.00	43.20	37.50	30.80	26.10	5.90	2.70	33.85	0.00
28.10	43.20	37.50	30.80	26.10	6.10	2.70	34.66	0.00
28.20	43.10	37.50	30.90	26.10	6.10	2.70	35.67	0.00
28.30	43.10	37.50	30.90	26.10	6.50	2.80	36.99	0.00
28.40	43.30	37.60	30.90	26.20	6.70	2.80	38.16	0.00
28.50	43.30	37.50	30.90	26.10	6.70	2.70	38.76	0.00
28.60	43.30	37.50	30.90	26.10	6.80	0.80	38.91	0.00
28.70	43.30	37.40	30.90	26.10	6.70	2.70	38.88	0.00
28.80	43.50	37.50	31.00	26.10	7.30	3.10	38.93	0.00
28.90	43.50	37.50	31.00	26.10	7.10	2.70	38.95	0.00
29.00	43.40	37.60	30.90	26.10	7.30	3.10	38.89	0.00
29.10	43.40	37.60	30.90	26.10	7.30	3.10	38.95	0.00
29.20	43.50	37.40	30.90	26.20	7.10	2.70	38.92	0.00
29.30	43.60	37.40	30.90	26.10	7.60	2.70	38.95	0.00
29.40	43.60	37.40	30.90	26.10	7.80	2.70	38.97	0.00
29.50	43.70	37.50	31.00	26.20	7.60	3.00	38.94	0.00
29.60	43.70	37.40	30.90	26.00	8.10	2.70	38.97	0.00
29.70	43.70	37.40	30.90	26.00	8.40	2.80	38.95	0.00
29.80	43.80	37.50	30.90	26.10	8.40	2.80	38.95	0.00
29.90	43.90	37.50	30.90	26.20	8.20	2.70	38.97	0.00
30.00	43.90	37.50	30.90	26.20	8.20	2.70	39.00	0.00
30.10	43.80	37.40	30.90	26.10	8.20	2.70	39.68	0.00
30.20	44.00	37.40	30.90	26.20	8.50	3.00	41.12	0.00
30.30	44.00	37.40	30.90	26.20	8.50	2.80	41.53	0.00
30.40	44.00	37.40	30.80	26.10	8.70	2.50	41.56	0.00
30.50	44.00	37.50	31.00	26.20	9.00	2.40	41.53	0.00
30.60	44.00	37.50	31.00	26.20	9.00	2.70	41.49	0.00
30.70	44.10	37.50	31.00	26.10	9.50	2.70	41.44	0.00
30.80	44.10	37.50	31.00	26.10	9.60	2.50	41.39	0.00
30.90	44.10	37.50	30.90	26.10	9.50	2.40	41.42	0.00
31.00	44.20	37.60	31.00	26.30	9.50	2.40	41.38	0.00
31.10	44.20	37.60	31.00	26.30	9.50	2.70	41.44	0.00
31.20	44.10	37.40	30.80	26.00	10.10	2.70	41.43	0.00
31.30	44.20	37.60	30.90	26.10	10.20	2.70	41.40	0.00
31.40	44.20	37.60	30.90	26.10	10.20	3.00	41.42	0.00
31.50	44.20	37.30	30.90	26.10	10.50	3.00	41.46	0.00
31.60	44.20	37.50	30.80	26.10	10.50	1.70	42.97	0.00
31.70	44.20	37.50	30.80	26.10	10.40	2.80	44.01	0.00
31.80	44.30	37.70	31.00	26.10	10.40	2.70	44.53	0.00
31.90	44.30	37.50	30.90	26.20	10.40	2.70	44.76	0.00
32.00	44.30	37.50	30.90	26.20	10.70	3.10	44.77	0.00
32.10	44.50	37.50	30.90	26.10	11.80	2.50	44.66	0.00
32.20	44.50	37.40	30.90	26.00	11.00	2.40	44.59	0.00
32.30	44.50	37.40	30.90	26.00	11.30	2.70	44.53	0.00
32.40	44.50	37.50	30.90	26.20	11.30	2.70	44.51	0.00
32.50	44.40	37.40	30.90	26.20	11.30	1.90	44.53	0.00
32.60	44.40	37.40	30.90	26.20	11.80	2.50	44.48	0.00
32.70	44.50	37.50	30.90	26.10	12.20	2.70	44.48	0.00
32.80	44.50	37.40	30.90	26.20	12.20	2.70	44.49	0.00
32.90	44.50	37.40	30.90	26.20	12.20	2.50	44.42	0.00
33.00	44.60	37.40	30.90	26.20	12.10	2.70	44.45	0.00
33.10	44.40	37.40	30.80	26.00	12.40	2.70	44.47	0.00
33.20	44.40	37.40	30.80	26.00	12.40	3.60	44.42	0.00
33.30	44.60	37.40	30.90	26.30	12.40	2.80	44.42	0.00
33.40	44.60	37.40	31.00	26.10	12.20	3.00	44.45	0.00
33.50	44.60	37.40	31.00	26.10	12.80	2.20	44.42	0.00
33.60	44.90	37.50	31.00	26.20	13.00	2.50	44.38	0.00
33.70	44.80	37.30	30.90	26.10	13.30	2.50	44.46	0.00
33.80	44.80	37.30	30.90	26.10	13.30	2.50	45.75	0.00
33.90	44.60	37.40	30.90	26.20	13.20	2.40	47.27	0.00
34.00	44.60	37.40	30.90	26.20	13.60	2.70	47.90	0.00
34.10	44.80	37.40	30.80	26.10	13.50	2.70	48.08	0.00
34.20	44.80	37.40	31.10	26.20	13.90	2.70	47.99	0.00
34.30	44.80	37.40	31.10	26.20	13.80	2.80	47.90	0.00
34.40	44.90	37.60	31.10	26.40	13.80	2.70	47.88	0.00
34.50	44.80	37.40	30.90	26.20	14.10	2.40	47.86	0.00
34.60	44.80	37.40	30.90	26.20	14.10	2.50	47.87	0.00
34.70	45.00	37.60	31.00	26.20	14.10	2.40	47.85	0.00
34.80	45.00	37.50	31.00	26.20	14.10	2.40	47.85	0.00
34.90	45.00	37.50	31.00	26.20	14.50	2.20	47.85	0.00
35.00	45.00	37.60	31.00	26.10	14.70	2.80	47.89	0.00
35.10	45.00	37.50	31.00	26.20	14.50	2.50	49.40	0.00
35.20	45.00	37.50	31.00	26.20	15.20	2.40	50.58	0.00
35.30	44.90	37.50	31.00	26.20	13.50	2.80	50.86	0.00
35.40	45.00	37.40	30.90	26.10	15.20	2.80	50.86	0.00
35.50	45.00	37.40	30.90	26.10	15.50	2.80	50.81	0.00
35.60	44.90	37.40	30.90	26.10	16.10	3.00	50.64	0.00
35.70	45.10	37.50	30.90	26.10	16.10	3.00	50.47	0.00
35.80	45.10	37.50	30.90	26.10	15.60	2.50	50.41	0.00
35.90	45.20	37.50	30.90	26.10	15.80	2.40	50.40	0.00
36.00	45.20	37.50	30.90	26.10	15.60	2.80	50.36	0.00
36.10	45.20	37.60	30.90	26.10	16.70	2.70	50.31	0.00
36.20	45.30	37.50	31.00	26.10	16.40	2.50	50.30	0.00
36.30	45.30	37.50	31.00	26.10	16.70	2.10	50.27	0.00
36.40	45.00	37.50	30.80	26.20	16.80	2.50	50.24	0.00
36.50	45.20	37.50	30.90	26.20	16.80	2.80	50.12	0.00
36.60	45.20	37.50	30.90	26.20	16.80	2.80	50.20	0.00
36.70	45.30	37.40	30.90	26.10	17.30	2.20	50.11	0.00
36.80	45.20	37.50	31.00	26.00	17.80	2.80	50.13	0.00
36.90	45.20	37.50	31.00	26.00	17.30	3.00	50.12	0.00
37.00	45.30	37.50	30.90	26.20	17.60	2.70	50.08	0.00
37.10	45.40	37.50	31.00	26.20	17.60	2.40	50.08	0.00
37.20	45.40	37.50	31.00	26.20	18.10	2.50	50.01	0.00
37.30	45.20	37.40	30.90	26.20	18.10	2.20	50.04	0.00
37.40	45.40	37.60	31.00	26.20	17.80	2.40	50.05	0.00
37.50	45.40	37.60	31.00	26.20	17.80	2.40	49.98	0.00
37.60	45.50	37.60	31.00	26.20	18.20	2.50	49.94	0.00
37.70	45.30	37.50	30.90	26.20	18.70	3.00	49.96	0.00
37.80	45.30	37.50	30.90	26.20	19.20	2.50	50.01	0.00
37.90	45.30	37.60	31.00	26.10	19.20	2.70	49.89	0.00
38.00	45.30	37.40	31.00	26.20	18.50	2.50	49.92	0.00
38.10	45.30	37.40	31.00	26.20	18.80	2.70	49.88	0.00
38.20	45.30	37.40	30.90	26.10	19.00	2.70	49.88	0.00
38.30	45.30	37.40	30.90	26.10	19.60	2.80	49.92	0.00
38.40	45.40	37.60	31.00	26.20	19.90	1.90	49.83	0.00
38.50	45.40	37.50	30.90	26.10	19.90	1.90	49.80	0.00
38.60	45.40	37.50	30.90	26.10	19.80	2.70	49.79	0.00
38.70	45.40	37.50	31.00	26.20	19.60	2.50	49.75	0.00
38.80	45.40	37.50	31.00	26.10	19.80	2.70	49.78	0.00
38.90	45.40	37.50	31.00	26.10	20.10	2.70	49.73	0.00
39.00	45.30	37.30	30.80	26.10	20.70	2.80	49.76	0.00
39.10	45.60	37.50	30.90	26.20	20.40	2.50	49.72	0.00
39.20	45.60	37.50	30.90	26.20	20.90	3.40	49.68	0.00
39.30	45.50	37.40	30.80	26.10	20.70	2.80	49.68	0.00
39.40	45.40	37.50	31.00	26.20	20.70	2.80	49.65	0.00
39.50	45.40	37.50	31.00	26.20	20.90	2.50	49.63	0.00
39.60	45.50	37.40	30.90	26.10	20.70	2.70	49.61	0.00
39.70	45.50	37.40	30.90	26.10	21.00	2.80	49.60	0.00
39.80	45.40	37.40	30.90	26.10	21.00	2.80	49.57	0.00
39.90	45.40	37.40	31.00	26.00	21.80	2.70	49.56	0.00
40.00	45.40	37.40	31.00	26.00	22.10	2.70	49.55	0.00
40.10	45.60	37.50	31.00	26.30	21.60	2.70	49.56	0.00
40.20	45.50	37.50	30.80	26.10	22.10	2.50	49.54	0.00
40.30	45.50	37.50	30.80	26.10	21.90	2.40	49.53	0.00
40.40	45.50	37.50	31.00	26.10	21.90	2.40	49.55	0.00
40.50	45.60	37.50	31.00	26.10	22.20	2.50	49.53	0.00
40.60	45.60	37.50	31.00	26.10	22.70	3.00	49.57	0.00
40.70	45.60	37.40	30.90	26.30	22.90	3.00	49.59	0.00
40.80	45.60	37.40	31.00	26.20	22.70	2.20	49.63	0.00
40.90	45.60	37.40	31.00	26.20	23.50	2.20	49.62	0.00
41.00	45.60	37.50	30.90	26.10	22.90	2.40	49.67	0.00
41.10	45.60	37.50	30.90	26.10	23.20	2.70	49.75	0.00
41.20	45.70	37.30	30.90	26.10	24.10	2.20	49.75	0.00
41.30	45.60	37.40	30.80	26.00	23.30	2.70	49.85	0.00
41.40	45.60	37.40	30.80	26.00	23.80	2.40	49.85	0.00
41.50	45.60	37.50	30.90	26.20	24.10	2.40	49.89	0.00
41.60	45.60	37.40	31.00	26.10	23.80	2.70	49.87	0.00
41.70	45.60	37.40	31.00	26.10	22.20	2.70	49.85	0.00
41.80	45.60	37.30	30.90	26.00	24.40	2.80	49.86	0.00
41.90	45.60	37.30	30.90	26.00	24.40	3.00	49.85	0.00
42.00	45.60	37.50	30.90	26.10	24.50	2.70	51.18	0.00
42.10	45.60	37.50	31.00	26.20	24.50	2.80	51.43	0.00
42.20	45.60	37.50	31.00	26.20	24.90	2.70	51.35	0.00
42.30	45.60	37.30	30.80	26.10	24.90	2.70	51.09	0.00
42.40	45.60	37.30	30.80	26.10	25.00	2.70	50.92	0.00
42.50	45.60	37.30	30.80	26.10	25.20	2.50	50.78	0.00
42.60	45.60	37.40	30.70	26.00	25.30	3.80	50.68	0.00
42.70	45.60	37.40	30.70	26.00	25.80	3.00	50.59	0.00
42.80	45.70	37.50	30.90	26.20	25.60	2.50	50.57	0.00
42.90	45.70	37.50	30.90	26.20	25.60	2.70	50.47	0.00
43.00	45.70	37.50	30.90	26.20	25.80	2.70	50.45	0.00
43.10	45.70	37.50	30.90	26.10	25.90	2.50	50.37	0.00
43.20	45.70	37.50	30.90	26.10	25.90	2.50	50.36	0.00
43.30	45.60	37.50	30.90	26.20	26.10	2.70	50.30	0.00
43.40	45.70	37.40	30.80	26.20	25.90	2.80	50.27	0.00
43.50	45.70	37.40	30.80	26.20	26.40	2.70	50.20	0.00
43.60	45.70	37.40	30.80	26.10	26.90	2.50	50.19	0.00
43.70	45.60	37.30	30.90	26.10	26.70	2.80	50.18	0.00
43.80	45.60	37.30	30.90	26.10	27.00	2.80	50.11	0.00
43.90	45.60	37.30	30.90	26.10	27.20	2.70	50.12	0.00
44.00	45.80	37.40	30.80	26.10	27.80	2.70	50.08	0.00
44.10	45.80	37.40	30.80	26.10	27.80	2.70	50.06	0.00
44.20	45.60	37.50	30.80	26.10	27.90	2.40	50.05	0.00
44.30	45.60	37.50	30.80	26.10	27.60	2.70	50.00	0.00
44.40	45.90	37.40	31.00	26.30	27.90	3.00	49.96	0.00
44.50	45.90	37.40	31.00	26.30	27.90	2.80	49.99	0.00
44.60	45.80	37.50	30.90	26.20	28.10	2.50	49.93	0.00
44.70	45.60	37.40	30.80	26.00	28.70	2.80	49.88	0.00
44.80	45.60	37.40	30.80	26.00	28.40	2.50	49.89	0.00
44.90	45.70	37.40	30.80	26.20	28.20	2.20	49.86	0.00
45.00	45.70	37.50	31.00	26.20	28.40	2.80	49.85	0.00
45.10	45.70	37.30	30.90	26.10	28.40	2.80	49.83	0.00
45.20	45.70	37.30	30.90	26.10	28.50	2.80	49.81	0.00
45.30	45.80	37.50	31.10	26.20	28.90	2.70	49.78	0.00
45.40	45.90	37.40	30.90	26.30	29.20	2.70	49.78	0.00
45.50	45.90	37.40	30.90	26.30	29.50	2.80	49.81	0.00
45.60	45.70	37.60	31.00	26.10	29.80	2.50	49.73	0.00
45.70	45.70	37.60	31.00	26.10	29.50	2.50	49.74	0.00
45.80	45.80	37.40	30.90	26.10	29.60	2.50	49.68	0.00
45.90	45.70	37.50	31.00	26.20	30.70	2.20	49.66	0.00
46.00	45.70	37.50	31.00	26.20	30.70	2.20	49.63	0.00
46.10	45.80	37.40	30.90	26.20	30.20	2.40	49.60	0.00
46.20	45.80	37.40	30.90	26.10	30.10	2.70	49.57	0.00
46.30	45.80	37.40	30.90	26.10	30.70	2.40	49.56	0.00
46.40	45.80	37.50	30.90	26.30	30.70	2.20	49.53	0.00
46.50	45.80	37.50	30.90	26.30	30.70	2.70	49.54	0.00
46.60	45.80	37.50	30.90	26.10	31.00	2.50	49.48	0.00
46.70	45.80	37.50	31.00	26.20	31.50	2.40	49.47	0.00
46.80	45.80	37.50	31.00	26.20	31.60	3.00	49.47	0.00
46.90	45.60	37.60	30.90	26.30	31.60	3.00	49.43	0.00
47.00	45.70	37.50	30.90	26.10	31.60	2.50	49.42	0.00
47.10	45.70	37.50	30.90	26.10	31.90	2.40	49.41	0.00
47.20	45.60	37.40	30.90	26.20	32.20	2.70	49.42	0.00
47.30	45.60	37.40	30.90	26.20	32.10	2.50	49.42	0.00
47.40	45.70	37.50	30.80	26.10	31.90	3.00	49.41	0.00
47.50	45.70	37.50	30.90	26.20	31.80	3.00	49.44	0.00
47.60	45.70	37.50	30.90	26.20	32.60	2.70	49.40	0.00
47.70	45.70	37.40	30.80	26.10	32.60	2.80	49.46	0.00
47.80	45.70	37.40	30.90	26.20	32.60	2.80	49.44	0.00
47.90	45.70	37.40	30.90	26.20	32.70	3.10	49.46	0.00
48.00	45.70	37.40	30.80	26.20	33.20	2.50	49.54	0.00
48.10	45.80	37.40	31.10	26.20	33.00	2.80	49.59	0.00
48.20	45.80	37.40	31.10	26.20	33.30	2.80	50.92	0.00
48.30	45.80	37.40	30.90	26.30	33.20	0.70	50.89	0.00
48.40	45.80	37.40	30.90	26.30	33.50	2.50	50.84	0.00
48.50	45.60	37.30	31.00	26.00	34.20	2.50	50.73	0.00
48.60	45.70	37.40	31.00	26.10	33.90	3.10	50.68	0.00
48.70	45.70	37.40	31.00	26.10	33.80	2.50	50.68	0.00
48.80	45.50	37.40	30.90	26.10	33.80	2.50	50.52	0.00
48.90	45.80	37.40	30.90	26.10	34.20	2.50	50.46	0.00
49.00	45.80	37.40	30.90	26.10	34.40	2.70	50.36	0.00
49.10	45.70	37.30	30.90	26.10	34.20	2.40	50.26	0.00
49.20	45.70	37.30	30.90	26.10	34.40	2.80	50.23	0.00
49.30	45.70	37.40	30.90	26.10	34.70	2.70	50.19	0.00
49.40	45.90	37.50	31.00	26.20	35.00	2.50	50.15	0.00
49.50	45.70	37.30	30.80	26.10	35.20	2.50	50.08	0.00
49.60	45.70	37.30	30.80	26.10	35.20	2.40	50.07	0.00
49.70	45.80	37.50	30.90	26.10	35.20	2.40	50.02	0.00
49.80	45.80	37.50	30.90	26.10	35.90	2.70	49.99	0.00
49.90	45.70	37.50	30.90	26.20	35.50	2.20	49.95	0.00
50.00	45.80	37.30	30.90	26.10	35.60	2.70	49.92	0.00
50.10	45.80	37.30	30.90	26.10	36.70	2.20	49.87	0.00
50.20	45.90	37.40	31.00	26.20	34.40	2.50	49.85	0.00
50.30	45.70	37.30	30.90	26.10	35.80	2.70	49.78	0.00
50.40	45.70	37.30	30.90	26.10	36.10	1.70	49.80	0.00
50.50	45.70	37.30	30.80	26.00	36.40	2.10	49.76	0.00
50.60	45.80	37.30	30.90	26.20	36.40	2.10	49.74	0.00
50.70	45.80	37.30	30.90	26.20	36.90	2.70	49.66	0.00
50.80	45.70	37.40	30.90	26.20	36.90	2.40	49.67	0.00
50.90	46.00	37.50	31.00	26.30	36.70	2.50	49.60	0.00
51.00	46.00	37.50	31.00	26.30	37.20	3.00	49.59	0.00
51.10	45.70	37.30	30.90	26.10	36.90	2.40	49.57	0.00
51.20	45.90	37.60	30.90	26.20	37.50	2.70	49.50	0.00
51.30	45.90	37.60	30.90	26.20	37.20	2.50	49.51	0.00
51.40	45.70	37.30	30.90	26.20	37.80	2.20	49.43	0.00
51.50	45.70	37.30	30.90	26.20	37.80	2.20	49.43	0.00
51.60	45.80	37.30	30.90	26.10	38.40	2.70	49.36	0.00
51.70	45.80	37.30	30.80	26.00	38.10	2.70	49.35	0.00
51.80	45.80	37.30	30.80	26.00	38.10	2.70	49.46	0.00
51.90	45.80	37.40	31.00	26.20	38.20	2.80	49.53	0.00
52.00	45.80	37.50	30.90	26.10	38.70	2.80	51.29	0.00
52.10	45.80	37.50	30.90	26.10	38.70	2.40	51.27	0.00
52.20	45.70	37.30	30.90	26.10	38.40	2.80	51.18	0.00
52.30	45.70	37.50	31.00	26.20	39.20	2.40	51.04	0.00
52.40	45.70	37.50	31.00	26.20	39.20	3.00	50.79	0.00
52.50	45.80	37.40	31.10	26.10	39.20	3.00	50.63	0.00
52.60	45.80	37.40	31.10	26.10	39.20	2.50	50.51	0.00
52.70	45.90	37.40	30.90	26.10	39.60	2.50	50.44	0.00
52.80	45.70	37.40	31.00	26.10	39.80	2.50	50.39	0.00
52.90	45.70	37.40	31.00	26.10	39.90	3.00	50.28	0.00
53.00	45.90	37.40	30.80	26.10	39.90	2.50	50.27	0.00
53.10	45.80	37.50	30.90	26.10	40.10	2.70	50.21	0.00
53.20	45.80	37.50	30.90	26.10	40.10	2.40	50.18	0.00
53.30	45.60	37.40	30.90	26.10	39.90	2.40	50.10	0.00
53.40	45.60	37.40	30.90	26.10	40.40	2.70	50.02	0.00
53.50	45.80	37.50	30.90	26.20	40.40	2.70	50.01	0.00
53.60	45.90	37.50	31.00	26.10	41.00	2.70	49.92	0.00
53.70	45.90	37.50	31.00	26.10	41.20	2.70	49.92	0.00
53.80	45.80	37.50	30.90	26.20	41.20	2.80	49.87	0.00
53.90	45.70	37.40	30.90	26.10	41.30	3.00	49.81	0.00
54.00	45.70	37.40	30.90	26.10	41.30	2.70	49.80	0.00
54.10	45.70	37.30	31.00	26.10	41.50	2.20	49.74	0.00
54.20	45.80	37.40	31.00	26.20	41.60	2.70	49.72	0.00
54.30	45.80	37.40	31.00	26.20	41.80	3.00	49.65	0.00
54.40	45.70	37.20	30.90	26.10	41.80	3.00	49.56	0.00
54.50	45.70	37.20	30.90	26.10	41.80	2.50	49.53	0.00
54.60	45.90	37.40	31.00	26.10	41.60	2.70	49.49	0.00
54.70	45.80	37.50	30.80	26.20	42.30	3.30	49.40	0.00
54.80	45.80	37.50	30.80	26.20	42.30	2.70	49.40	0.00
54.90	45.70	37.30	30.90	26.10	42.30	2.80	49.35	0.00
55.00	45.80	37.40	30.90	26.10	42.60	2.70	49.30	0.00
55.10	45.80	37.40	30.90	26.10	43.00	2.50	49.23	0.00
55.20	45.80	37.40	31.00	26.10	42.90	2.40	49.22	0.00
55.30	45.80	37.50	31.00	26.10	42.90	2.40	49.22	0.00
55.40	45.80	37.50	31.00	26.10	42.90	2.40	49.20	0.00
55.50	45.60	37.20	30.80	26.00	43.60	2.50	49.22	0.00
55.60	45.70	37.40	30.90	26.10	43.60	2.50	49.99	0.00
55.70	45.70	37.40	30.90	26.10	43.90	2.70	51.13	0.00
55.80	45.80	37.40	30.90	26.10	43.80	3.00	51.07	0.00
55.90	45.80	37.50	31.00	26.20	43.80	2.50	50.97	0.00
56.00	45.80	37.50	31.00	26.20	44.10	0.70	50.72	0.00
56.10	45.60	37.50	31.00	26.20	44.40	2.70	50.45	0.00
56.20	45.60	37.50	31.00	26.20	44.30	2.70	50.32	0.00
56.30	45.70	37.30	31.00	26.20	44.30	2.70	50.23	0.00
56.40	45.60	37.30	30.80	26.10	44.70	2.40	50.14	0.00
56.50	45.60	37.30	30.80	26.10	44.90	2.50	50.10	0.00
56.60	45.70	37.50	31.00	26.30	44.90	3.10	49.99	0.00
56.70	45.80	37.40	31.00	26.10	45.00	2.40	49.94	0.00
56.80	45.80	37.40	31.00	26.10	45.00	2.40	49.91	0.00
56.90	45.80	37.40	31.00	26.20	45.30	2.50	49.80	0.00
57.00	45.70	37.30	30.80	26.10	45.80	2.70	49.73	0.00
57.10	45.70	37.30	30.80	26.10	45.50	2.70	49.62	0.00
57.20	45.60	37.20	30.80	26.00	45.50	2.70	49.61	0.00
57.30	45.60	37.30	30.90	26.20	45.80	2.70	49.53	0.00
57.40	45.60	37.30	30.90	26.20	46.10	2.80	49.49	0.00
57.50	45.70	37.50	31.00	26.30	45.90	2.70	49.38	0.00
57.60	45.70	37.40	31.00	26.10	46.30	3.00	49.34	0.00
57.70	45.70	37.40	31.00	26.10	46.40	2.70	49.33	0.00
57.80	45.80	37.30	31.00	26.20	46.60	3.00	49.31	0.00
57.90	45.60	37.30	30.90	26.10	46.60	3.00	49.33	0.00
58.00	45.60	37.30	30.90	26.10	47.20	1.00	49.72	0.00
58.10	45.80	37.30	31.00	26.10	46.60	2.70	51.24	0.00
58.20	45.80	37.30	31.00	26.10	46.60	2.70	51.15	0.00
58.30	45.70	37.30	31.00	26.30	46.90	2.50	51.03	0.00
58.40	45.60	37.20	30.90	26.10	47.20	2.70	50.97	0.00
58.50	45.60	37.20	30.90	26.10	47.60	2.50	50.83	0.00
58.60	45.70	37.40	31.00	26.30	47.50	3.60	50.46	0.00
58.70	45.60	37.20	30.90	26.20	47.90	2.50	50.33	0.00
58.80	45.60	37.20	30.90	26.20	48.30	2.10	50.19	0.00
58.90	45.60	37.30	30.90	26.20	48.30	2.50	50.14	0.00
59.00	45.80	37.40	30.90	26.10	48.60	1.00	50.01	0.00
59.10	45.80	37.40	30.90	26.10	48.10	2.40	49.95	0.00
59.20	45.70	37.30	30.90	26.20	48.10	2.40	49.85	0.00
59.30	45.70	37.30	30.90	26.20	48.10	2.40	49.80	0.00
59.40	45.60	37.30	30.90	26.10	48.60	2.50	49.74	0.00
59.50	45.60	37.30	30.80	26.10	48.60	2.40	49.65	0.00
59.60	45.60	37.30	30.80	26.10	49.20	2.40	49.59	0.00
59.70	45.60	37.20	30.80	26.10	48.70	2.70	49.49	0.00
59.80	45.60	37.30	31.00	26.30	49.60	2.40	49.42	0.00
59.90	45.60	37.30	31.00	26.30	49.60	2.70	49.31	0.00
60.00	45.50	37.30	30.80	26.10	49.30	2.80	49.25	0.00
60.10	45.50	37.30	30.80	26.10	49.30	2.80	49.22	0.00
60.20	45.60	37.30	31.00	26.20	50.10	2.50	49.23	0.00
60.30	45.70	37.30	31.00	26.20	50.10	2.70	49.17	0.00
60.40	45.70	37.30	31.00	26.20	50.40	2.80	49.17	0.00
60.50	45.60	37.30	30.90	26.20	49.90	2.70	50.53	0.00
60.60	45.60	37.30	30.90	26.10	50.30	2.50	51.29	0.00
60.70	45.60	37.30	30.90	26.10	50.10	2.80	51.17	0.00
60.80	45.60	37.20	31.00	26.20	50.40	2.40	51.05	0.00
60.90	45.70	37.30	31.00	26.10	49.00	2.80	50.91	0.00
61.00	45.70	37.30	31.00	26.10	50.90	2.70	50.65	0.00
61.10	45.60	37.20	31.10	26.20	50.90	2.70	50.34	0.00
61.20	45.60	37.20	31.10	26.20	51.60	2.50	50.15	0.00
61.30	45.50	37.30	30.90	26.10	51.60	3.10	49.98	0.00
61.40	45.60	37.30	31.00	26.20	51.60	3.10	49.86	0.00
61.50	45.60	37.30	31.00	26.20	51.30	2.40	49.76	0.00
61.60	45.70	37.30	30.90	26.10	52.00	2.80	49.67	0.00
61.70	45.70	37.30	31.00	26.30	52.10	3.00	49.62	0.00
61.80	45.70	37.30	31.00	26.30	52.30	0.80	49.49	0.00
61.90	45.70	37.30	30.90	26.20	52.10	2.80	49.38	0.00
62.00	45.80	37.30	31.00	26.20	52.10	2.80	49.30	0.00
62.10	45.80	37.30	31.00	26.20	52.40	2.80	49.22	0.00
62.20	45.70	37.20	31.10	26.20	53.00	2.80	49.15	0.00
62.30	45.60	37.20	31.00	26.20	52.70	2.70	49.11	0.00
62.40	45.60	37.20	31.00	26.20	52.60	2.50	49.16	0.00
62.50	45.60	37.20	31.00	26.10	53.00	2.70	50.66	0.00
62.60	45.60	37.20	31.00	26.10	53.30	2.50	50.84	0.00
62.70	45.60	37.20	30.90	26.20	53.30	2.80	50.71	0.00
62.80	45.60	37.30	31.00	26.10	53.50	2.20	50.59	0.00
62.90	45.60	37.30	31.00	26.10	53.50	2.20	50.44	0.00
63.00	45.60	37.40	30.90	26.30	54.00	2.20	50.34	0.00
63.10	45.60	37.20	30.90	26.20	54.00	2.20	50.23	0.00
63.20	45.60	37.20	30.90	26.20	54.10	2.80	50.10	0.00
63.30	45.50	37.30	31.00	26.10	54.10	2.50	50.00	0.00
63.40	45.50	37.20	30.90	26.00	54.10	2.80	49.86	0.00
63.50	45.50	37.20	30.90	26.00	54.40	2.70	49.76	0.00
63.60	45.60	37.30	31.00	26.10	54.30	2.80	49.63	0.00
63.70	45.60	37.30	31.00	26.30	54.40	3.00	49.55	0.00
63.80	45.60	37.30	31.00	26.30	54.40	3.00	49.37	0.00
63.90	45.50	37.10	30.90	26.10	54.90	2.80	49.28	0.00
64.00	45.50	37.10	30.90	26.10	55.30	2.40	49.12	0.00
64.10	45.50	37.10	30.90	26.20	55.20	2.80	49.06	0.00
64.20	45.60	37.40	31.10	26.20	55.20	2.20	48.99	0.00
64.30	45.60	37.40	31.10	26.20	55.30	2.50	48.83	0.00
64.40	45.50	37.10	30.90	26.10	55.30	2.80	50.50	0.00
64.50	45.50	37.20	31.00	26.20	55.80	2.50	50.86	0.00
64.60	45.50	37.20	31.00	26.20	55.80	2.70	50.72	0.00
64.70	45.60	37.30	31.00	26.20	55.80	2.70	50.53	0.00
64.80	45.60	37.20	31.00	26.10	56.10	2.80	50.36	0.00
64.90	45.60	37.20	31.00	26.10	56.10	2.20	50.25	0.00
65.00	45.50	37.20	30.90	26.10	56.60	2.50	50.10	0.00
65.10	45.60	37.30	31.00	26.20	56.70	3.30	49.95	0.00
65.20	45.60	37.30	31.00	26.20	56.70	2.70	49.83	0.00
65.30	45.40	37.10	30.90	26.10	57.00	3.40	49.72	0.00
65.40	45.30	37.20	30.90	26.20	56.70	2.70	49.55	0.00
65.50	45.30	37.20	30.90	26.20	57.20	2.40	49.49	0.00
65.60	45.50	37.30	31.00	26.20	57.50	3.10	49.31	0.00
65.70	45.50	37.20	30.90	26.20	57.50	3.10	49.12	0.00
65.80	45.50	37.20	30.90	26.20	58.60	2.80	49.02	0.00
65.90	45.50	37.20	31.00	26.30	57.80	2.20	48.90	0.00
66.00	45.50	37.20	31.00	26.30	57.60	2.40	50.58	0.00
66.10	45.30	37.10	30.90	26.20	58.10	1.00	51.05	0.00
66.20	45.50	37.20	31.10	26.20	58.10	2.40	50.79	0.00
66.30	45.50	37.20	31.10	26.20	58.30	3.10	50.62	0.00
66.40	45.40	37.20	30.90	26.20	58.60	2.80	50.41	0.00
66.50	45.50	37.30	31.10	26.30	58.40	2.50	50.31	0.00
66.60	45.50	37.30	31.10	26.30	58.60	2.50	50.11	0.00
66.70	45.50	37.30	31.10	26.30	58.60	2.50	49.98	0.00
66.80	45.50	37.30	31.10	26.30	58.90	2.50	49.76	0.00
66.90	45.50	37.20	31.00	26.20	58.90	2.40	49.63	0.00
67.00	45.50	37.20	30.90	26.10	59.50	2.70	49.48	0.00
67.10	45.50	37.20	30.90	26.10	59.30	2.70	49.35	0.00
67.20	45.50	37.30	31.10	26.20	60.00	2.50	49.18	0.00
67.30	45.40	37.10	30.90	26.10	59.50	2.50	49.05	0.00
67.40	45.40	37.10	30.90	26.10	59.60	3.10	48.83	0.00
67.50	45.50	37.00	31.00	26.20	59.60	2.80	48.70	0.00
67.60	45.30	37.10	30.90	26.20	60.10	2.50	50.60	0.00
67.70	45.30	37.10	30.90	26.20	60.10	2.80	51.11	0.00
67.80	45.40	37.20	30.90	26.30	60.40	2.40	50.86	0.00
67.90	45.30	37.20	31.00	26.20	60.40	2.50	50.63	0.00
68.00	45.30	37.20	31.00	26.20	60.70	3.40	50.50	0.00
68.10	45.30	37.20	30.90	26.20	60.70	2.50	50.26	0.00
68.20	45.30	37.20	30.90	26.20	60.90	2.80	50.05	0.00
68.30	45.40	37.30	31.00	26.20	61.00	2.70	49.88	0.00
68.40	45.30	37.10	31.00	26.20	61.30	3.00	49.63	0.00
68.50	45.30	37.10	31.00	26.20	61.30	2.80	49.50	0.00
68.60	45.30	37.20	30.90	26.20	61.30	2.80	49.28	0.00
68.70	45.40	37.30	31.00	26.20	61.60	3.10	49.14	0.00
68.80	45.40	37.30	31.00	26.20	61.80	2.40	48.91	0.00
68.90	45.30	37.20	30.90	26.20	62.00	2.70	48.76	0.00
69.00	45.40	37.30	31.00	26.20	62.10	2.50	48.59	0.00
69.10	45.40	37.30	31.00	26.20	62.00	2.50	49.06	0.00
69.20	45.30	37.10	31.00	26.10	62.30	2.70	50.99	0.00
69.30	45.40	37.30	31.00	26.10	62.40	1.10	51.31	0.00
69.40	45.40	37.30	31.00	26.10	62.60	2.80	50.99	0.00
69.50	45.30	37.30	31.00	26.20	62.60	2.80	50.75	0.00
69.60	45.30	37.30	31.00	26.20	63.00	2.70	50.47	0.00
69.70	45.40	37.20	31.00	26.30	63.00	2.70	50.23	0.00
69.80	45.40	37.20	30.90	26.10	63.30	2.70	49.89	0.00
69.90	45.40	37.20	30.90	26.10	64.00	2.70	49.62	0.00
70.00	45.40	37.20	31.00	26.30	63.50	2.80	49.36	0.00
70.10	45.30	37.20	31.00	26.10	63.70	3.00	49.15	0.00
70.20	45.20	37.20	31.00	26.20	64.10	3.10	48.82	0.00
70.30	45.20	37.20	31.00	26.20	63.70	2.40	48.63	0.00
70.40	45.30	37.20	31.10	26.10	63.70	2.40	48.35	0.00
70.50	45.30	37.20	31.10	26.10	64.10	2.70	48.17	0.00
70.60	45.20	37.20	30.90	26.10	64.10	2.50	49.59	0.00
70.70	45.20	37.20	31.00	26.20	64.40	2.80	50.49	0.00
70.80	45.20	37.20	31.00	26.20	64.30	2.40	51.03	0.00
70.90	45.30	37.30	31.00	26.20	64.60	2.80	50.78	0.00
71.00	45.30	37.30	31.00	26.20	64.70	3.00	50.50	0.00
71.10	45.30	37.20	31.00	26.20	65.20	2.40	50.14	0.00
71.20	45.10	37.10	30.90	26.20	65.00	2.70	49.96	0.00
71.30	45.30	37.30	31.00	26.30	65.20	2.70	49.59	0.00
71.40	45.30	37.30	31.00	26.30	65.20	2.70	49.24	0.00
71.50	45.10	37.10	30.90	26.10	65.30	2.50	49.03	0.00
71.60	45.30	37.30	31.10	26.30	66.00	3.00	48.70	0.00
71.70	45.30	37.30	31.10	26.30	65.30	2.80	49.46	0.00
71.80	45.20	37.10	30.90	26.10	63.80	3.10	50.28	0.00
71.90	45.20	37.20	30.90	26.20	66.10	2.40	50.39	0.00
72.00	45.20	37.20	30.90	26.20	65.20	2.40	50.41	0.00
72.10	45.20	37.30	31.00	26.30	66.10	2.70	50.26	0.00
72.20	45.10	37.20	31.00	26.20	66.30	2.70	49.95	0.00
72.30	45.10	37.20	31.00	26.20	66.90	2.70	49.91	0.00
72.40	45.30	37.20	31.00	26.10	66.90	2.70	50.10	0.00
72.50	45.30	37.20	31.00	26.10	66.90	2.70	49.75	0.00
72.60	45.10	37.20	31.00	26.20	67.20	2.40	49.80	0.00
72.70	45.30	37.20	31.00	26.20	67.00	2.40	49.73	0.00
72.80	45.30	37.20	31.00	26.20	67.00	2.50	49.61	0.00
72.90	45.20	37.30	30.90	26.20	67.50	2.70	49.70	0.00
73.00	45.20	37.30	30.90	26.20	67.70	2.70	49.65	0.00
73.10	45.20	37.20	30.90	26.20	68.30	3.00	49.85	0.00
73.20	45.00	37.10	30.90	26.20	68.00	2.70	49.87	0.00
73.30	45.00	37.10	30.90	26.20	67.80	2.40	50.08	0.00
73.40	45.20	37.30	31.10	26.30	68.30	2.50	49.98	0.00
73.50	45.10	37.20	31.00	26.20	68.30	2.70	49.89	0.00
73.60	45.10	37.20	31.00	26.20	68.40	2.50	49.99	0.00
73.70	45.00	37.30	31.00	26.20	68.60	2.50	49.76	0.00
73.80	45.00	37.30	31.00	26.20	68.70	2.50	49.96	0.00
73.90	45.00	37.20	30.90	26.20	68.60	2.40	49.98	0.00
74.00	45.10	37.20	31.00	26.20	68.70	2.50	49.85	0.00
74.10	45.10	37.20	31.00	26.20	69.00	1.60	49.66	0.00
74.20	45.00	37.20	30.90	26.20	69.20	2.70	49.49	0.00
74.30	45.20	37.20	31.00	26.30	69.20	2.70	49.49	0.00
74.40	45.20	37.20	31.00	26.30	69.30	2.40	45.35	0.00
74.50	45.10	37.30	31.10	26.20	69.50	2.70	28.12	0.00
74.60	45.10	37.30	31.10	26.20	69.70	2.50	10.68	0.00
74.70	44.90	37.20	31.00	26.20	69.80	2.50	7.65	0.00
74.80	45.00	37.20	31.10	26.30	69.50	2.70	5.46	0.00
74.90	44.70	37.10	30.90	26.10	69.70	2.20	4.11	0.00
75.00	44.70	37.10	30.90	26.10	69.30	2.40	3.27	0.00
75.10	44.70	37.30	31.10	26.10	68.90	2.40	2.64	0.00
75.20	44.70	37.30	31.10	26.10	68.90	2.40	2.06	0.00
75.30	44.60	37.20	30.90	26.10	69.30	2.80	1.73	0.00
75.40	44.60	37.10	31.00	26.30	69.20	2.50	1.48	0.00
75.50	44.50	37.30	31.00	26.20	69.30	3.00	1.22	0.00
75.60	44.50	37.30	31.00	26.20	68.70	2.40	1.08	0.00
75.70	44.60	37.30	31.10	26.30	68.70	2.80	1.01	0.00
75.80	44.60	37.30	31.10	26.30	69.00	2.20	0.89	0.00
75.90	44.50	37.30	31.10	26.30	69.50	2.80	0.78	0.00
76.00	44.30	37.10	30.90	26.20	68.90	2.70	0.75	0.00
76.10	44.30	37.10	30.90	26.20	68.90	2.70	0.65	0.00
76.20	44.20	37.20	31.00	26.20	69.00	2.40	0.58	0.00
76.30	44.10	37.20	31.10	26.20	68.70	2.70	0.54	0.00
76.40	44.10	37.20	31.10	26.20	68.90	2.70	0.47	0.00
76.50	44.00	37.20	31.10	26.20	68.70	2.40	0.44	0.00
76.60	43.90	37.20	31.00	26.20	69.00	2.50	0.39	0.00
76.70	43.90	37.20	31.00	26.20	68.70	2.80	0.39	0.00
76.80	43.90	37.40	31.00	26.20	68.70	2.40	0.33	0.00
76.90	43.90	37.30	31.10	26.20	68.60	2.70	0.33	0.00
77.00	43.90	37.30	31.10	26.20	69.00	2.20	0.30	0.00
77.10	43.70	37.40	31.10	26.20	69.00	2.20	0.26	0.00
77.20	43.80	37.20	31.00	26.20	69.00	2.80	0.24	0.00
77.30	43.80	37.20	31.00	26.20	68.40	2.50	0.24	0.00
77.40	43.70	37.20	31.00	26.20	68.90	2.70	0.24	0.00
77.50	43.80	37.30	30.90	26.20	68.40	2.70	0.19	0.00
77.60	43.80	37.30	30.90	26.20	69.20	2.40	0.19	0.00
77.70	43.60	37.10	30.90	26.30	69.00	2.70	0.18	0.00
77.80	43.70	37.10	31.00	26.20	68.90	2.70	0.18	0.00
77.90	43.70	37.10	31.00	26.20	68.70	2.70	0.19	0.00
78.00	43.60	37.40	31.00	26.20	68.70	2.70	0.18	0.00
78.10	43.50	37.20	31.00	26.30	68.90	3.00	0.15	0.00
78.20	43.50	37.20	31.00	26.30	68.70	2.50	0.18	0.00
78.30	43.50	37.10	31.00	26.10	68.90	2.80	0.13	0.00
78.40	43.40	37.20	31.10	26.20	68.90	2.40	0.15	0.00
78.50	43.40	37.20	31.10	26.20	69.00	2.50	0.18	0.00
78.60	43.50	37.30	31.00	26.30	69.00	2.70	0.15	0.00
78.70	43.40	37.20	31.10	26.20	69.20	2.50	0.13	0.00
78.80	43.40	37.20	31.10	26.20	68.30	2.40	0.11	0.00
78.90	43.30	37.20	31.00	26.10	68.30	2.40	0.11	0.00
79.00	43.30	37.20	31.00	26.10	68.70	2.70	0.15	0.00
79.10	43.30	37.20	31.00	26.20	69.20	2.40	0.11	0.00
79.20	43.20	37.20	30.90	26.10	68.90	2.50	0.08	0.00
79.30	43.20	37.20	30.90	26.10	68.60	2.80	0.11	0.00
79.40	43.20	37.30	31.00	26.20	68.60	2.70	0.08	0.00
79.50	43.20	37.20	31.10	26.30	68.60	2.50	0.08	0.00
79.60	43.20	37.20	31.10	26.30	68.60	2.50	0.07	0.00
79.70	43.20	37.00	31.00	26.10	69.00	2.70	0.08	0.00
79.80	43.30	37.10	30.90	26.20	69.00	2.70	0.11	0.00
79.90	43.30	37.10	30.90	26.20	68.90	2.50	0.08	0.00
80.00	43.20	37.10	31.00	26.20	68.60	2.20	0.08	0.00
80.10	43.20	37.20	31.00	26.20	67.50	2.80	0.07	0.00
80.20	43.20	37.20	31.00	26.20	68.70	2.20	0.08	0.00
80.30	43.20	37.20	31.00	26.20	68.60	2.40	0.05	0.00
80.40	43.10	37.10	31.10	26.30	68.90	2.80	0.07	0.00
80.50	43.10	37.10	31.10	26.30	68.70	2.70	0.08	0.00
80.60	43.10	37.20	30.90	26.10	68.70	3.30	0.07	0.00
80.70	43.10	37.20	31.00	26.20	68.70	3.30	0.08	0.00
80.80	43.10	37.20	31.00	26.20	68.60	2.70	0.07	0.00
80.90	43.00	37.20	31.00	26.20	68.90	2.50	0.07	0.00
81.00	42.90	37.10	30.90	26.20	68.60	2.80	0.05	0.00
81.10	42.90	37.10	30.90	26.20	68.70	2.40	0.04	0.00
81.20	43.00	37.30	31.10	26.20	68.60	2.80	0.05	0.00
81.30	43.10	37.40	31.10	26.30	68.60	2.80	0.05	0.00
81.40	43.10	37.40	31.10	26.30	68.60	2.40	0.07	0.00
81.50	42.90	37.20	31.00	26.20	68.90	2.80	0.05	0.00
81.60	42.90	37.20	31.10	26.30	68.60	2.20	0.05	0.00
81.70	42.90	37.20	31.10	26.30	68.60	2.20	0.05	0.00
81.80	43.00	37.00	31.00	26.20	68.70	3.00	0.05	0.00
81.90	42.90	37.10	31.00	26.30	66.90	2.80	0.08	0.00
82.00	42.90	37.10	31.00	26.30	68.60	2.70	0.05	0.00
82.10	42.80	37.20	31.00	26.20	68.40	2.40	0.05	0.00
82.20	42.80	37.20	31.10	26.30	68.40	2.10	0.07	0.00
82.30	42.80	37.20	31.10	26.30	68.60	2.80	0.07	0.00
82.40	42.90	37.30	31.00	26.30	68.60	2.50	0.07	0.00
82.50	42.80	37.20	31.00	26.30	68.90	2.80	0.04	0.00
82.60	42.80	37.20	31.00	26.30	68.90	2.80	0.05	0.00
82.70	42.70	37.20	31.10	26.30	68.40	2.40	0.11	0.00
82.80	42.80	37.30	31.10	26.30	68.70	2.50	0.05	0.00
82.90	42.80	37.30	31.10	26.30	68.70	2.50	0.05	0.00
83.00	42.60	37.10	30.90	26.20	68.40	2.80	0.04	0.00
83.10	42.60	37.10	31.00	26.20	68.70	2.50	0.04	0.00
83.20	42.60	37.10	31.00	26.20	69.00	2.70	0.04	0.00
83.30	42.60	37.10	30.80	26.20	66.90	3.30	0.00	0.00
83.40	42.60	37.10	30.80	26.20	67.00	2.70	0.05	0.00
83.50	42.80	37.20	31.10	26.30	67.00	2.70	0.05	0.00
83.60	42.70	37.10	31.10	26.20	68.30	3.00	0.04	0.00
83.70	42.70	37.10	31.10	26.20	68.70	2.20	0.04	0.00
83.80	42.60	37.10	31.00	26.20	68.30	2.70	0.05	0.00
83.90	42.40	37.00	30.90	26.10	68.90	2.50	0.04	0.00
84.00	42.50	37.00	31.00	26.10	69.00	2.50	0.04	0.00
84.10	42.50	37.00	31.00	26.10	68.00	2.70	0.05	0.00
84.20	42.50	37.00	31.00	26.20	68.60	0.70	0.05	0.00
84.30	42.50	37.20	31.10	26.20	68.30	2.70	0.04	0.00
84.40	42.50	37.20	31.10	26.20	68.30	2.70	0.04	0.00
84.50	42.60	37.20	31.00	26.30	68.60	3.00	0.02	0.00
84.60	42.60	37.20	31.00	26.30	68.70	2.70	0.04	0.00
84.70	42.70	37.20	31.20	26.30	68.90	2.50	0.04	0.00
84.80	42.50	37.20	31.10	26.20	68.30	3.00	0.05	0.00
84.90	42.50	37.20	31.10	26.20	68.60	2.40	0.05	0.00
85.00	42.40	37.00	31.10	26.20	68.70	2.80	0.04	0.00
85.10	42.40	37.10	31.10	26.10	68.60	2.50	0.04	0.00
85.20	42.40	37.10	31.10	26.10	68.40	2.40	0.02	0.00
85.30	42.50	37.10	31.10	26.20	68.40	2.40	0.05	0.00
85.40	42.30	37.10	31.00	26.10	68.40	2.70	0.05	0.00
85.50	42.30	37.10	31.00	26.10	68.70	2.50	0.05	0.00
85.60	42.40	37.20	31.00	26.30	68.30	2.50	0.07	0.00
85.70	42.40	37.20	31.10	26.30	68.40	2.80	0.07	0.00
85.80	42.40	37.20	31.10	26.30	68.30	2.70	0.04	0.00
85.90	42.30	37.10	31.00	26.30	68.70	2.40	0.02	0.00
86.00	42.40	37.10	31.10	26.30	68.40	2.40	0.04	0.00
86.10	42.40	37.10	31.10	26.30	68.60	2.40	0.05	0.00
86.20	42.40	37.20	31.00	26.30	68.60	2.40	0.04	0.00
86.30	42.40	37.10	31.00	26.20	69.00	2.70	0.04	0.00
86.40	42.40	37.10	31.00	26.20	68.70	2.40	0.00	0.00
86.50	42.30	37.10	31.10	26.20	68.40	2.40	0.04	0.00
86.60	42.20	37.20	31.10	26.20	68.70	2.70	0.04	0.00
86.70	42.20	37.20	31.10	26.20	68.70	2.70	0.02	0.00
86.80	42.20	37.10	31.00	26.20	68.60	2.70	0.05	0.00
86.90	42.20	37.10	31.00	26.20	68.70	2.70	0.05	0.00
87.00	42.20	37.10	31.00	26.20	68.70	2.80	0.07	0.00
87.10	42.20	37.10	31.00	26.30	68.70	2.80	0.04	0.00
87.20	42.20	37.10	31.10	26.20	68.60	2.50	0.00	0.00
87.30	42.20	37.10	31.10	26.20	68.60	2.50	0.04	0.00
87.40	42.20	37.10	31.10	26.20	68.00	2.70	-0.02	0.00
87.50	42.10	37.10	31.10	26.30	68.40	2.70	0.04	0.00
87.60	42.10	37.10	31.10	26.30	68.90	2.40	0.04	0.00
87.70	42.10	37.00	31.00	26.00	68.90	3.00	0.02	0.00
87.80	42.00	37.10	30.90	26.20	68.70	2.70	0.07	0.00
87.90	42.00	37.10	30.90	26.20	68.30	2.80	0.04	0.00
88.00	42.20	37.00	31.00	26.20	68.60	2.80	0.00	0.00
88.10	42.20	37.00	31.00	26.20	68.40	2.80	0.04	0.00
88.20	42.00	37.00	31.10	26.20	68.10	2.70	0.00	0.00
88.30	42.10	37.00	31.00	26.20	68.40	2.40	0.02	0.00
88.40	42.10	37.00	31.00	26.20	68.70	2.50	0.00	0.00
88.50	42.00	37.20	31.00	26.30	68.40	2.70	0.00	0.00
88.60	42.20	37.10	31.00	26.30	68.40	2.70	0.00	0.00
88.70	42.20	37.10	31.00	26.30	68.60	2.80	0.00	0.00
88.80	42.10	37.10	31.20	26.30	68.70	2.10	0.00	0.00
88.90	42.10	37.10	31.00	26.30	68.60	2.70	0.00	0.00
89.00	42.10	37.10	31.00	26.30	68.60	2.70	0.00	0.00
89.10	42.00	37.10	31.00	26.20	68.90	2.50	0.00	0.00
89.20	42.00	37.10	31.00	26.20	68.40	2.70	0.00	0.00
89.30	42.00	37.00	31.00	26.20	68.40	2.50	0.00	0.00
89.40	42.00	37.00	31.10	26.10	68.40	2.20	0.00	0.00
89.50	42.00	37.00	31.10	26.10	68.60	2.10	0.00	0.00
89.60	42.00	37.30	31.10	26.40	68.40	2.80	0.00	0.00
89.70	42.00	37.30	31.10	26.40	68.40	2.70	0.00	0.00
89.80	42.10	37.20	31.20	26.20	68.40	2.80	0.00	0.00
89.90	41.90	37.10	31.10	26.30	68.60	3.00	0.00	0.00
90.00	41.90	37.10	31.10	26.30	68.60	3.00	0.00	0.00
90.10	41.90	37.20	31.20	26.20	68.60	3.00	0.00	0.00
90.20	42.00	37.10	31.00	26.30	68.40	2.50	0.00	0.00
90.30	42.00	37.10	31.00	26.30	68.60	2.80	0.00	0.00
90.40	42.00	37.20	31.10	26.20	68.70	2.80	0.00	0.00
90.50	41.80	37.10	31.00	26.20	68.90	2.70	0.00	0.00
90.60	41.80	37.10	31.00	26.20	68.70	3.00	0.00	0.00
90.70	41.90	37.00	31.00	26.20	68.70	2.70	0.00	0.00
90.80	41.90	37.00	31.00	26.20	68.40	3.00	0.00	0.00
90.90	41.80	37.00	30.90	26.20	68.60	2.50	0.00	0.00
91.00	41.80	37.10	31.20	26.10	68.60	2.50	0.00	0.00
91.10	41.80	37.10	31.20	26.10	68.30	2.70	0.00	0.00
91.20	41.90	37.10	31.10	26.30	68.40	3.00	0.00	0.00
91.30	41.80	37.10	31.00	26.20	68.40	2.50	0.00	0.00
91.40	41.80	37.10	31.00	26.20	68.60	2.70	0.00	0.00
91.50	41.80	37.00	31.10	26.30	68.60	2.50	0.00	0.00
91.60	41.80	37.00	31.10	26.30	68.70	2.70	0.00	0.00
91.70	41.80	37.10	31.00	26.20	68.30	2.80	0.00	0.00
91.80	42.00	37.10	31.00	26.30	68.70	2.40	0.00	0.00
91.90	42.00	37.10	31.00	26.30	68.70	3.60	0.00	0.00
92.00	41.80	37.10	31.10	26.20	68.70	3.60	0.00	0.00
92.10	41.90	37.20	31.10	26.20	68.40	2.40	0.00	0.00
92.20	41.90	37.20	31.10	26.20	68.10	2.70	0.00	0.00
92.30	41.80	37.20	31.10	26.20	68.60	2.40	0.00	0.00
92.40	41.80	37.00	30.90	26.20	68.30	3.00	0.00	0.00
92.50	41.80	37.00	30.90	26.20	68.70	2.40	0.00	0.00
92.60	41.90	37.10	31.10	26.30	68.70	2.70	0.00	0.00
92.70	41.70	37.20	31.10	26.30	68.60	2.50	0.00	0.00
92.80	41.70	37.20	31.10	26.30	68.60	3.00	0.00	0.00
92.90	41.90	37.10	31.00	26.20	68.60	3.00	0.00	0.00
93.00	41.80	37.00	31.00	26.20	68.40	2.40	0.00	0.00
93.10	41.70	37.00	31.10	26.20	68.40	3.10	0.00	0.00
93.20	41.70	37.00	31.10	26.20	68.30	2.50	0.00	0.00
93.30	41.60	37.00	31.10	26.00	68.90	2.50	0.00	0.00
93.40	41.60	37.00	31.10	26.00	68.40	2.40	0.00	0.00
93.50	41.80	37.20	31.10	26.30	68.40	2.70	0.00	0.00
93.60	41.70	37.20	31.10	26.10	68.60	2.70	0.00	0.00
93.70	41.70	37.20	31.10	26.10	68.40	2.50	0.00	0.00
93.80	41.70	37.10	31.00	26.20	68.40	2.50	0.00	0.00
93.90	41.60	37.10	31.10	26.20	68.90	1.90	0.00	0.00
94.00	41.60	37.10	31.10	26.20	68.60	2.70	0.00	0.00
94.10	41.70	37.00	31.00	26.20	68.30	2.50	0.00	0.00
94.20	41.70	37.30	31.10	26.30	68.60	2.50	0.00	0.00
94.30	41.70	37.30	31.10	26.30	68.00	2.50	0.00	0.00
94.40	41.60	37.00	30.90	26.20	68.40	1.60	0.00	0.00
94.50	41.70	37.20	31.20	26.30	68.60	3.40	0.00	0.00
94.60	41.70	37.20	31.20	26.30	68.30	2.40	0.00	0.00
94.70	41.50	37.00	31.00	26.20	68.30	2.40	0.00	0.00
94.80	41.50	37.00	31.00	26.30	68.10	3.00	0.00	0.00
94.90	41.50	37.00	31.00	26.30	68.90	1.90	0.00	0.00
95.00	41.50	37.10	31.10	26.20	68.60	2.40	0.00	0.00
95.10	41.60	37.10	31.10	26.30	68.40	2.40	0.00	0.00
95.20	41.60	37.10	31.10	26.30	68.30	2.80	0.00	0.00
95.30	41.50	37.00	31.10	26.30	68.70	2.80	0.00	0.00
95.40	41.50	37.00	31.10	26.30	68.40	2.20	0.00	0.00
95.50	41.60	37.10	31.10	26.30	68.70	2.70	0.00	0.00
95.60	41.50	37.00	31.10	26.30	68.60	2.40	0.00	0.00
95.70	41.50	37.00	31.10	26.30	68.60	2.40	0.00	0.00
95.80	41.50	37.10	31.20	26.40	68.10	2.20	0.00	0.00
95.90	41.50	37.10	31.20	26.40	68.30	2.50	0.00	0.00
96.00	41.60	37.10	31.10	26.30	68.60	3.00	0.00	0.00
96.10	41.50	37.10	31.00	26.20	67.20	2.80	0.00	0.00
96.20	41.50	37.10	31.00	26.20	68.10	2.50	0.00	0.00
96.30	41.40	37.10	31.00	26.20	68.70	2.40	0.00	0.00
96.40	41.60	37.00	31.00	26.20	68.70	2.80	0.00	0.00
96.50	41.60	37.00	31.00	26.20	68.30	2.50	0.00	0.00
96.60	41.50	37.00	31.00	26.30	68.60	2.80	0.00	0.00
96.70	41.50	37.10	31.10	26.20	68.60	2.80	0.00	0.00
96.80	41.50	37.10	31.10	26.20	68.60	2.70	0.00	0.00
96.90	41.50	37.10	31.10	26.20	68.40	2.40	0.00	0.00
97.00	41.50	37.10	31.10	26.20	68.60	3.10	0.00	0.00
97.10	41.40	37.00	31.10	26.20	68.10	2.70	0.00	0.00
97.20	41.40	37.10	31.10	26.40	68.70	2.50	0.00	0.00
97.30	41.40	37.10	31.10	26.40	68.60	2.80	0.00	0.00
97.40	41.50	37.10	31.00	26.20	68.60	2.50	0.00	0.00
97.50	41.50	37.10	31.00	26.20	68.10	3.00	0.00	0.00
97.60	41.40	37.10	31.10	26.20	68.10	3.00	0.00	0.00
97.70	41.40	37.00	31.10	26.30	68.40	2.20	0.00	0.00
97.80	41.40	37.00	31.10	26.30	68.30	2.20	0.00	0.00
97.90	41.40	37.20	31.10	26.40	69.00	2.20	0.00	0.00
98.00	41.40	37.10	31.00	26.20	68.30	3.00	0.00	0.00
98.10	41.40	37.10	31.00	26.20	68.30	2.80	0.00	0.00
98.20	41.40	37.00	31.10	26.20	68.40	3.00	0.00	0.00
98.30	41.50	37.10	31.20	26.40	68.60	2.50	0.00	0.00
98.40	41.50	37.10	31.20	26.40	68.60	3.00	0.00	0.00
98.50	41.20	37.00	31.00	26.20	68.40	2.50	0.00	0.00
98.60	41.30	37.10	31.20	26.40	68.60	2.70	0.00	0.00
98.70	41.30	37.10	31.20	26.40	68.30	2.40	0.00	0.00
98.80	41.30	37.00	31.00	26.20	68.60	1.30	0.00	0.00
98.90	41.40	37.10	31.20	26.30	68.60	2.70	0.00	0.00
99.00	41.40	37.10	31.20	26.30	68.10	2.50	0.00	0.00
99.10	41.30	37.00	31.00	26.30	68.10	2.40	0.00	0.00
99.20	41.30	37.00	31.00	26.20	68.40	2.70	0.00	0.00
99.30	41.30	37.00	31.00	26.20	68.40	2.40	0.00	0.00
99.40	41.30	37.10	31.10	26.30	68.40	2.80	0.00	0.00
99.50	41.30	37.10	31.10	26.20	68.40	2.80	0.00	0.00
99.60	41.30	37.10	31.10	26.20	69.00	2.50	0.00	0.00
99.70	41.30	36.90	31.00	26.20	68.40	2.20	0.00	0.00
99.80	41.30	36.90	31.00	26.20	68.30	2.70	0.00	0.00
99.90	41.30	37.00	31.00	26.30	68.60	2.80	0.00	0.00
100.00	41.20	37.10	31.20	26.30	67.80	2.80	0.00	0.00
100.10	41.20	37.10	31.20	26.30	68.30	2.80	0.00	0.00
100.20	41.30	36.90	31.20	26.20	68.10	3.00	0.00	0.00
100.30	41.30	37.00	31.20	26.30	68.60	2.50	0.00	0.00
100.40	41.30	37.00	31.20	26.30	68.60	2.50	0.00	0.00
100.50	41.30	36.90	31.00	26.10	68.60	2.50	0.00	0.00
100.60	41.30	36.90	31.00	26.10	68.10	2.20	0.00	0.00
100.70	41.30	36.90	31.10	26.20	67.30	2.70	0.00	0.00
100.80	41.30	36.90	31.10	26.20	68.70	2.70	0.00	0.00
100.90	41.30	37.00	31.10	26.30	68.60	2.80	0.00	0.00
101.00	41.20	37.00	31.10	26.20	68.60	2.50	0.00	0.00
101.10	41.20	37.00	31.10	26.20	68.40	2.20	0.00	0.00
101.20	41.30	37.00	31.00	26.20	68.70	2.70	0.00	0.00
101.30	41.30	37.10	31.20	26.30	68.60	3.40	0.00	0.00
101.40	41.30	37.10	31.20	26.30	68.60	2.70	0.00	0.00
101.50	41.20	37.10	31.00	26.20	68.60	2.70	0.00	0.00
101.60	41.00	37.10	31.20	26.20	68.60	2.70	0.00	0.00
101.70	41.00	37.10	31.20	26.20	68.10	2.80	0.00	0.00
101.80	41.30	37.10	31.20	26.30	66.70	2.70	0.00	0.00
101.90	41.20	37.10	31.20	26.30	68.00	2.50	0.00	0.00
102.00	41.20	37.10	31.20	26.30	68.30	2.50	0.00	0.00
102.10	41.20	37.10	31.00	26.20	68.10	2.70	0.00	0.00
102.20	41.00	37.00	31.00	26.10	68.90	2.70	0.00	0.00
102.30	41.00	37.00	31.00	26.10	68.90	2.50	0.00	0.00
102.40	41.10	37.10	31.20	26.20	68.90	2.50	0.00	0.00
102.50	41.20	37.00	31.10	26.20	68.10	2.70	0.00	0.00
102.60	41.20	37.00	31.10	26.20	68.40	2.80	0.00	0.00
102.70	41.10	37.10	31.20	26.30	68.10	2.40	0.00	0.00
102.80	41.10	37.10	31.20	26.30	68.10	2.50	0.00	0.00
102.90	41.10	37.00	31.10	26.30	68.30	2.70	0.00	0.00
103.00	41.30	37.00	31.20	26.30	68.30	2.20	0.00	0.00
103.10	41.30	37.00	31.20	26.30	68.10	2.70	0.00	0.00
103.20	41.10	37.10	31.10	26.20	68.10	2.50	0.00	0.00
103.30	41.20	37.10	31.00	26.30	68.40	2.50	0.00	0.00
103.40	41.20	37.10	31.00	26.30	68.10	2.50	0.00	0.00
103.50	41.10	37.00	30.80	26.20	68.10	2.50	0.00	0.00
103.60	41.10	37.10	31.10	26.20	68.00	2.80	0.00	0.00
103.70	41.10	37.10	31.10	26.20	68.30	2.70	0.00	0.00
103.80	41.10	37.10	31.10	26.30	68.30	2.80	0.00	0.00
103.90	41.00	37.10	31.10	26.20	68.30	2.70	0.00	0.00
104.00	41.00	37.10	31.10	26.20	68.70	2.80	0.00	0.00
104.10	41.10	37.00	31.10	26.20	67.70	2.50	0.00	0.00
104.20	41.10	37.10	31.10	26.30	68.40	2.70	0.00	0.00
104.30	41.10	37.10	31.10	26.30	68.30	2.50	0.00	0.00
104.40	40.90	36.90	31.00	26.30	68.30	2.50	0.00	0.00
104.50	40.90	36.90	31.00	26.30	68.40	3.10	0.00	0.00
104.60	41.00	37.00	31.00	26.30	68.40	2.40	0.00	0.00
104.70	41.10	37.10	31.10	26.30	68.00	2.40	0.00	0.00
104.80	41.10	37.10	31.10	26.30	68.10	2.50	0.00	0.00
104.90	40.90	36.90	31.00	26.10	68.60	2.80	0.00	0.00
105.00	41.00	37.00	31.00	26.20	68.70	2.20	0.00	0.00
105.10	41.00	37.00	31.00	26.20	68.70	2.50	0.00	0.00
105.20	41.10	37.20	31.20	26.30	68.60	2.80	0.00	0.00
105.30	41.00	37.00	31.00	26.20	68.10	3.00	0.00	0.00
105.40	41.00	37.00	31.00	26.20	68.10	2.40	0.00	0.00
105.50	41.10	37.30	31.20	26.30	68.10	2.40	0.00	0.00
105.60	41.10	37.30	31.10	26.30	68.70	2.50	0.00	0.00
105.70	41.10	37.30	31.10	26.30	68.10	3.00	0.00	0.00
105.80	41.10	37.10	31.10	26.30	68.90	2.50	0.00	0.00
105.90	41.00	37.10	31.00	26.30	68.40	2.20	0.00	0.00
106.00	41.00	37.10	31.00	26.30	68.10	2.80	0.00	0.00
106.10	40.80	37.00	31.00	26.30	68.00	2.70	0.00	0.00
106.20	41.00	37.10	31.10	26.30	68.60	2.70	0.00	0.00
106.30	41.00	37.10	31.10	26.30	68.40	2.50	0.00	0.00
106.40	41.00	37.10	31.10	26.40	68.30	2.40	0.00	0.00
106.50	40.90	37.20	31.10	26.20	68.40	2.80	0.00	0.00
106.60	40.90	37.20	31.10	26.20	68.90	2.70	0.00	0.00
106.70	41.00	37.10	31.00	26.20	68.70	2.70	0.00	0.00
106.80	41.00	37.10	31.00	26.20	68.10	2.70	0.00	0.00
106.90	41.10	37.20	31.10	26.30	68.30	2.40	0.00	0.00
107.00	41.00	37.10	31.20	26.30	68.00	2.70	0.00	0.00
107.10	41.00	37.10	31.20	26.30	68.00	2.70	0.00	0.00
107.20	40.90	37.10	31.20	26.30	68.00	2.70	0.00	0.00
107.30	41.00	37.10	31.20	26.30	68.40	2.50	0.00	0.00
107.40	41.00	37.10	31.20	26.30	67.80	2.70	0.00	0.00
107.50	40.90	37.00	31.10	26.30	68.40	2.70	0.00	0.00
107.60	40.90	37.00	31.10	26.10	67.80	2.40	0.00	0.00
107.70	40.90	37.00	31.10	26.10	68.60	2.80	0.00	0.00
107.80	41.00	37.10	31.10	26.30	68.70	2.80	0.00	0.00
107.90	40.90	37.00	31.10	26.30	68.30	2.50	0.00	0.00
108.00	41.10	37.30	31.20	26.40	68.40	2.50	0.00	0.00
108.10	41.10	37.30	31.20	26.40	68.40	2.50	0.00	0.00
108.20	40.80	37.00	31.00	26.30	68.00	2.70	0.00	0.00
108.30	40.80	37.00	31.00	26.30	68.40	2.50	0.00	0.00
108.40	40.80	36.90	31.10	26.20	68.10	2.40	0.00	0.00
108.50	40.90	37.00	31.10	26.30	68.40	2.20	0.00	0.00
108.60	40.80	37.00	31.00	26.30	68.10	2.40	0.00	0.00
108.70	40.80	37.00	31.00	26.30	68.70	3.60	0.00	0.00
108.80	40.70	37.00	31.00	26.20	68.10	2.50	0.00	0.00
108.90	40.70	37.00	31.00	26.20	68.40	2.40	0.00	0.00
109.00	40.70	37.00	30.90	26.10	68.40	3.10	0.00	0.00
109.10	40.70	37.10	31.20	26.20	68.70	2.70	0.00	0.00
109.20	40.70	37.10	31.20	26.20	68.60	2.40	0.00	0.00
109.30	40.80	37.00	31.00	26.20	68.30	2.50	0.00	0.00
109.40	40.80	37.00	31.00	26.20	68.40	1.00	0.00	0.00
109.50	40.90	37.10	31.10	26.30	68.60	2.70	0.00	0.00
109.60	40.60	36.90	31.10	26.20	68.10	2.50	0.00	0.00
109.70	40.60	36.90	31.10	26.20	68.30	2.40	0.00	0.00
109.80	40.90	37.10	31.20	26.40	68.30	2.50	0.00	0.00
109.90	40.90	37.10	31.00	26.30	68.30	2.50	0.00	0.00
110.00	40.90	37.10	31.00	26.30	68.70	3.00	0.00	0.00
110.10	40.90	37.10	31.20	26.30	68.60	2.70	0.00	0.00
110.20	40.80	37.00	31.10	26.30	68.40	2.70	0.00	0.00
110.30	40.80	37.00	31.10	26.30	68.10	2.20	0.00	0.00
110.40	40.80	37.00	31.10	26.30	68.00	2.40	0.00	0.00
110.50	40.80	37.00	31.10	26.30	68.30	2.20	0.00	0.00
110.60	40.80	37.00	31.10	26.30	68.40	2.50	0.00	0.00
110.70	40.60	37.00	31.10	26.00	68.30	0.80	0.00	0.00
110.80	40.60	37.00	31.10	26.00	68.10	3.00	0.00	0.00
110.90	40.60	36.90	30.90	26.10	68.10	3.00	0.00	0.00
111.00	40.80	37.00	31.10	26.30	68.30	2.70	0.00	0.00
111.10	40.80	37.00	31.10	26.30	68.40	2.70	0.00	0.00
111.20	40.70	37.00	31.10	26.30	68.30	2.50	0.00	0.00
111.30	40.60	36.90	31.00	26.20	68.00	2.70	0.00	0.00
111.40	40.60	36.90	31.00	26.20	68.00	2.70	0.00	0.00
111.50	40.60	37.00	31.10	26.20	68.40	3.00	0.00	0.00
111.60	40.70	37.00	31.10	26.20	68.40	2.70	0.00	0.00
111.70	40.70	37.00	31.10	26.20	68.40	2.70	0.00	0.00
111.80	40.60	37.10	31.20	26.30	68.40	2.70	0.00	0.00
111.90	40.90	37.10	31.10	26.30	68.40	2.70	0.00	0.00
112.00	40.90	37.10	31.10	26.30	68.30	2.10	0.00	0.00
112.10	40.70	36.90	31.20	26.20	68.60	2.40	0.00	0.00
112.20	40.60	37.00	31.10	26.20	68.30	2.70	0.00	0.00
112.30	40.60	37.00	31.10	26.20	67.80	2.50	0.00	0.00
112.40	40.70	37.00	31.10	26.20	68.40	2.70	0.00	0.00
112.50	40.70	37.00	31.10	26.20	68.10	2.70	0.00	0.00
112.60	40.60	37.10	31.10	26.20	68.90	2.40	0.00	0.00
112.70	40.60	37.00	31.10	26.20	68.30	2.40	0.00	0.00
112.80	40.60	37.00	31.10	26.20	68.30	2.40	0.00	0.00
112.90	40.80	37.10	31.20	26.30	67.70	2.70	0.00	0.00
113.00	40.60	36.90	31.10	26.20	68.10	3.10	0.00	0.00
113.10	40.60	36.90	31.10	26.20	68.10	2.40	0.00	0.00
113.20	40.70	36.90	31.10	26.30	68.30	2.50	0.00	0.00
113.30	40.60	37.00	31.10	26.30	68.40	2.50	0.00	0.00
113.40	40.60	37.00	31.10	26.30	68.40	2.40	0.00	0.00
113.50	40.70	37.00	31.10	26.30	68.10	2.70	0.00	0.00
113.60	40.50	36.90	31.10	26.30	68.30	2.80	0.00	0.00
113.70	40.50	36.90	31.10	26.30	68.30	2.80	0.00	0.00
113.80	40.50	37.00	31.10	26.30	68.40	2.70	0.00	0.00
113.90	40.50	37.00	31.10	26.30	68.30	2.50	0.00	0.00
114.00	40.60	37.00	31.10	26.30	68.40	2.50	0.00	0.00
114.10	40.60	37.00	31.10	26.30	68.40	2.80	0.00	0.00
114.20	40.60	36.90	31.10	26.20	68.10	2.50	0.00	0.00
114.30	40.60	37.00	31.20	26.40	68.40	2.70	0.00	0.00
114.40	40.60	37.00	31.20	26.40	68.40	2.80	0.00	0.00
114.50	40.60	37.00	31.10	26.30	67.80	2.70	0.00	0.00
114.60	40.60	37.00	31.10	26.30	68.40	3.30	0.00	0.00
114.70	40.60	37.00	31.10	26.30	68.40	3.30	0.00	0.00
114.80	40.50	37.00	31.10	26.30	68.30	2.40	0.00	0.00
114.90	40.60	36.90	31.00	26.20	68.90	2.20	0.00	0.00
115.00	40.50	37.00	31.10	26.20	68.30	2.50	0.00	0.00
115.10	40.50	37.00	31.10	26.20	67.50	2.50	0.00	0.00
115.20	40.60	37.00	31.10	26.30	68.10	3.10	0.00	0.00
115.30	40.60	37.00	31.10	26.30	68.40	2.40	0.00	0.00
115.40	40.60	36.80	31.00	26.20	68.40	2.70	0.00	0.00
115.50	40.50	37.00	31.10	26.20	68.00	2.80	0.00	0.00
115.60	40.50	37.00	31.10	26.20	68.00	2.80	0.00	0.00
115.70	40.50	37.10	31.20	26.30	68.00	2.40	0.00	0.00
115.80	40.60	36.90	31.00	26.20	68.10	2.20	0.00	0.00
115.90	40.60	36.90	31.00	26.20	68.10	2.70	0.00	0.00
116.00	40.60	36.90	31.10	26.30	68.10	2.70	0.00	0.00
116.10	40.50	37.00	31.00	26.20	67.30	2.70	0.00	0.00
116.20	40.50	37.00	31.00	26.20	68.00	2.50	0.00	0.00
116.30	40.50	36.90	31.10	26.20	68.30	2.20	0.00	0.00
116.40	40.40	37.00	31.10	26.20	68.40	2.40	0.00	0.00
116.50	40.40	37.00	31.10	26.20	68.30	3.00	0.00	0.00
116.60	40.60	37.00	31.10	26.30	68.10	2.50	0.00	0.00
116.70	40.70	37.10	31.20	26.30	68.10	2.80	0.00	0.00
116.80	40.70	37.10	31.20	26.30	68.10	2.40	0.00	0.00
116.90	40.50	37.10	31.20	26.50	68.10	3.00	0.00	0.00
117.00	40.50	37.10	31.20	26.50	68.10	2.80	0.00	0.00
117.10	40.60	37.10	31.10	26.30	68.60	2.80	0.00	0.00
117.20	40.40	37.00	31.00	26.20	68.40	2.40	0.00	0.00
117.30	40.40	37.00	31.00	26.20	68.40	2.50	0.00	0.00
117.40	40.50	37.00	31.10	26.30	68.00	2.10	0.00	0.00
117.50	40.50	37.10	31.20	26.40	68.00	2.10	0.00	0.00
117.60	40.50	37.10	31.20	26.40	68.40	2.80	0.00	0.00
117.70	40.50	37.20	31.30	26.40	68.00	2.70	0.00	0.00
117.80	40.50	37.20	31.30	26.40	68.30	2.20	0.00	0.00
117.90	40.50	37.10	31.10	26.30	69.00	2.20	0.00	0.00
118.00	40.40	37.00	31.10	26.30	68.30	2.50	0.00	0.00
118.10	40.40	37.00	31.10	26.30	68.30	2.70	0.00	0.00
118.20	40.60	37.20	31.20	26.40	68.00	3.00	0.00	0.00
118.30	40.40	37.10	31.10	26.40	68.30	2.70	0.00	0.00
118.40	40.40	37.10	31.10	26.40	68.30	3.00	0.00	0.00
118.50	40.50	37.00	31.10	26.30	68.10	2.80	0.00	0.00
118.60	40.60	37.00	31.20	26.30	68.10	2.70	0.00	0.00
118.70	40.60	37.00	31.20	26.30	68.40	2.80	0.00	0.00
118.80	40.50	37.00	31.10	26.30	68.40	3.00	0.00	0.00
118.90	40.50	37.00	31.10	26.30	67.80	2.70	0.00	0.00
119.00	40.60	37.20	31.10	26.30	68.40	2.70	0.00	0.00
119.10	40.50	37.10	31.20	26.40	68.40	2.50	0.00	0.00
119.20	40.50	37.10	31.20	26.40	68.60	3.10	0.00	0.00
119.30	40.40	37.00	31.10	26.30	68.30	3.00	0.00	0.00
119.40	40.40	37.10	31.10	26.30	68.30	3.00	0.00	0.00
119.50	40.40	37.10	31.10	26.30	68.30	2.80	0.00	0.00
119.60	40.30	37.10	31.10	26.20	68.60	2.70	0.00	0.00
119.70	40.30	37.10	31.10	26.20	68.40	2.70	0.00	0.00
119.80	40.40	37.10	31.10	26.30	68.30	2.70	0.00	0.00
119.90	40.40	36.90	31.10	26.30	68.10	2.50	0.00	0.00
120.00	40.40	36.90	31.10	26.30	68.00	2.70	0.00	0.00
120.10	40.50	37.00	31.10	26.20	68.30	2.50	0.00	0.00
120.20	40.50	37.00	31.10	26.20	68.30	2.80	0.00	0.00
120.30	40.40	37.10	31.10	26.30	68.30	2.80	0.00	0.00
120.40	40.40	37.00	31.20	26.30	68.00	2.70	0.00	0.00
120.50	40.40	37.00	31.20	26.30	68.60	2.70	0.00	0.00
120.60	40.30	37.00	31.10	26.20	68.40	3.00	0.00	0.00
120.70	40.40	37.00	31.10	26.30	68.40	2.70	0.00	0.00
120.80	40.40	37.00	31.10	26.30	68.60	2.50	0.00	0.00
120.90	40.50	37.00	31.10	26.30	68.30	2.70	0.00	0.00
121.00	40.30	37.00	31.00	26.30	68.10	2.70	0.00	0.00
121.10	40.30	37.00	31.00	26.30	68.60	2.50	0.00	0.00
121.20	40.30	37.00	31.20	26.30	68.30	2.70	0.00	0.00
121.30	40.30	37.00	31.20	26.30	68.10	2.70	0.00	0.00
121.40	40.30	37.00	31.10	26.30	68.00	2.50	0.00	0.00
121.50	40.20	37.00	31.20	26.30	68.10	2.40	0.00	0.00
121.60	40.20	37.00	31.20	26.30	68.00	2.50	0.00	0.00
121.70	40.20	36.90	31.00	26.30	68.00	2.40	0.00	0.00
121.80	40.20	36.80	31.00	26.30	68.00	2.50	0.00	0.00
121.90	40.40	36.90	31.10	26.40	68.00	2.50	0.00	0.00
122.00	40.40	36.90	31.10	26.40	68.70	2.80	0.00	0.00
122.10	40.30	36.90	30.90	26.30	69.00	2.20	0.00	0.00
122.20	40.20	36.80	30.90	26.30	69.00	2.20	0.00	0.00
122.30	40.20	36.80	30.90	26.30	68.00	2.80	0.00	0.00
122.40	40.20	36.80	31.10	26.30	68.10	2.40	0.00	0.00
122.50	40.20	36.80	31.10	26.30	68.10	2.40	0.00	0.00
122.60	40.30	36.90	31.00	26.30	66.70	2.70	0.00	0.00
122.70	40.40	37.00	31.20	26.30	68.00	2.20	0.00	0.00
122.80	40.40	37.00	31.20	26.30	68.60	2.80	0.00	0.00
122.90	40.30	36.90	31.10	26.30	68.00	2.50	0.00	0.00
123.00	40.30	36.90	31.10	26.30	68.10	2.70	0.00	0.00
123.10	40.30	36.90	31.10	26.30	68.10	2.50	0.00	0.00
123.20	40.20	36.90	31.20	26.20	68.10	2.50	0.00	0.00
123.30	40.20	36.90	31.20	26.20	68.10	2.70	0.00	0.00
123.40	40.30	37.00	31.10	26.30	68.10	2.80	0.00	0.00
123.50	40.30	36.90	31.20	26.30	68.30	3.00	0.00	0.00
123.60	40.30	36.90	31.20	26.30	68.30	2.50	0.00	0.00
123.70	40.20	37.00	31.10	26.20	68.30	2.70	0.00	0.00
123.80	40.20	36.90	31.00	26.30	68.40	2.50	0.00	0.00
123.90	40.20	36.90	31.00	26.30	68.00	2.50	0.00	0.00
124.00	40.30	37.00	31.10	26.30	68.60	2.70	0.00	0.00
124.10	40.30	36.90	31.10	26.30	68.60	2.70	0.00	0.00
124.20	40.30	36.90	31.10	26.30	68.30	2.70	0.00	0.00
124.30	40.30	37.00	31.20	26.40	68.00	2.40	0.00	0.00
124.40	40.30	37.00	31.30	26.40	68.30	2.50	0.00	0.00
124.50	40.30	37.00	31.30	26.40	68.00	2.70	0.00	0.00
124.60	40.30	37.00	31.10	26.30	68.40	2.70	0.00	0.00
124.70	40.30	36.90	31.10	26.30	68.60	2.80	0.00	0.00
124.80	40.30	36.90	31.10	26.30	68.60	2.40	0.00	0.00
124.90	40.20	36.90	31.10	26.20	68.30	2.20	0.00	0.00
