Ambient Temperature(C): 21.7
Ambient Pressure(in Hg): 
Time(s)	T1(Deg C)	Wall Temp(Deg C)	Top Plate(Deg C)	Bottom Plate(Deg C)	P1(PSI)	P2(PSI)	Mass Flowrate(g/min)	Heater Energy (kJ)

0.00	24.60	26.20	24.80	22.60	0.80	1.70	0.00	0.00
0.10	24.50	26.30	25.00	22.70	0.80	1.90	0.00	0.00
0.20	24.50	26.30	25.00	22.70	0.80	2.20	0.00	0.00
0.30	24.50	26.20	24.80	22.60	0.80	2.20	0.00	0.00
0.40	24.40	26.30	24.90	22.60	0.80	1.60	0.00	0.00
0.50	24.40	26.30	24.90	22.60	0.70	2.20	0.00	0.00
0.60	24.50	26.30	24.80	22.60	0.70	2.20	0.00	0.00
0.70	24.40	26.20	24.90	22.70	0.80	2.20	0.00	0.00
0.80	24.40	26.20	24.90	22.70	0.80	2.20	0.00	0.00
0.90	24.40	26.20	24.80	22.60	0.80	2.20	0.00	0.00
1.00	24.40	26.30	24.90	22.60	0.80	2.10	0.00	0.00
1.10	24.40	26.30	24.90	22.60	0.80	2.40	0.00	0.00
1.20	24.50	26.20	24.80	22.60	0.80	2.40	0.00	0.00
1.30	24.40	26.30	24.70	22.70	0.50	2.10	0.00	0.00
1.40	24.40	26.30	24.70	22.70	0.80	2.20	0.00	0.00
1.50	24.50	26.30	24.90	22.70	1.00	0.50	0.00	0.00
1.60	24.50	26.30	24.80	22.80	0.50	1.70	0.00	0.00
1.70	24.50	26.30	24.80	22.80	0.80	2.10	0.00	0.00
1.80	24.50	26.20	24.70	22.60	0.80	0.40	0.00	0.00
1.90	24.50	26.30	24.80	22.60	-0.90	2.40	0.00	0.00
2.00	24.50	26.30	24.80	22.60	0.70	1.90	0.00	0.00
2.10	24.50	26.30	24.90	22.70	0.50	1.70	0.00	0.00
2.20	24.60	26.30	24.90	22.70	0.50	1.70	0.00	0.00
2.30	24.60	26.30	24.90	22.70	0.50	1.90	0.00	0.00
2.40	24.50	26.20	24.90	22.60	0.70	1.90	0.00	0.00
2.50	24.60	26.30	24.90	22.70	0.70	2.10	0.00	0.00
2.60	24.60	26.30	24.90	22.70	0.70	2.20	0.00	0.00
2.70	24.60	26.30	24.90	22.60	0.50	2.10	0.00	0.00
2.80	24.50	26.30	24.70	22.50	0.80	1.90	0.00	0.00
2.90	24.50	26.30	24.70	22.50	0.80	2.40	0.00	0.00
3.00	24.50	26.20	24.80	22.60	0.20	2.10	0.00	0.00
3.10	24.50	26.20	24.80	22.60	0.20	2.10	0.00	0.00
3.20	24.70	26.30	24.80	22.60	0.70	2.20	0.00	0.00
3.30	24.40	26.20	24.60	22.50	1.00	2.50	0.00	0.00
3.40	24.40	26.20	24.60	22.50	0.70	2.10	0.00	0.00
3.50	24.70	26.30	25.00	22.70	0.80	1.90	0.00	0.00
3.60	24.70	26.30	24.90	22.60	0.70	1.90	0.00	0.00
3.70	24.70	26.30	24.90	22.60	0.50	1.70	0.00	0.00
3.80	24.60	26.30	24.90	22.60	0.70	2.20	0.00	0.00
3.90	24.60	26.30	24.70	22.70	0.70	2.20	0.00	0.00
4.00	24.60	26.30	24.70	22.70	0.70	2.20	0.00	0.00
4.10	24.60	26.20	24.80	22.60	1.00	2.20	0.00	0.00
4.20	24.50	26.30	24.70	22.50	0.70	2.10	0.00	0.00
4.30	24.50	26.30	24.70	22.50	3.00	2.50	0.00	0.00
4.40	24.30	26.40	24.90	22.50	2.80	2.70	0.00	0.00
4.50	24.90	26.30	24.70	22.50	3.00	2.80	0.00	0.00
4.60	24.90	26.30	24.70	22.50	2.70	2.80	0.00	0.00
4.70	25.10	26.30	24.90	22.60	3.00	2.20	0.00	0.00
4.80	25.50	26.30	24.90	22.70	2.80	3.00	0.00	0.00
4.90	25.50	26.30	24.90	22.70	2.80	3.00	0.00	0.00
5.00	25.50	26.30	24.90	22.60	2.70	2.50	0.00	0.00
5.10	25.50	26.30	24.90	22.60	2.40	2.70	0.00	0.00
5.20	25.70	26.30	24.90	22.70	2.50	2.40	0.00	0.00
5.30	25.60	26.20	24.80	22.60	2.70	2.40	0.00	0.00
5.40	25.60	26.20	24.80	22.60	2.70	2.70	0.00	0.00
5.50	25.70	26.30	24.80	22.60	2.80	2.50	0.00	0.00
5.60	25.70	26.30	24.80	22.60	3.00	1.90	0.00	0.00
5.70	25.60	26.30	24.80	22.80	3.10	2.70	0.00	0.00
5.80	25.60	26.30	24.80	22.60	2.50	2.70	0.00	0.00
5.90	25.60	26.30	24.80	22.60	2.50	2.70	0.00	0.00
6.00	25.40	26.20	24.80	22.50	2.80	2.70	0.00	0.00
6.10	25.40	26.30	24.80	22.70	2.80	2.80	0.00	0.00
6.20	25.40	26.30	24.80	22.70	2.50	2.80	0.00	0.00
6.30	25.30	26.20	24.80	22.60	2.50	2.20	0.00	0.00
6.40	25.40	26.20	24.80	22.50	3.00	3.00	0.00	0.00
6.50	25.40	26.20	24.80	22.50	2.40	2.40	0.00	0.00
6.60	25.40	26.30	24.80	22.60	3.00	2.50	0.00	0.00
6.70	25.30	26.30	24.90	22.60	2.80	2.40	0.00	0.00
6.80	25.30	26.30	24.90	22.60	2.80	2.40	0.00	0.00
6.90	25.40	26.30	24.80	22.70	3.00	2.70	0.00	0.00
7.00	25.20	26.40	24.90	22.70	2.80	2.40	0.00	0.00
7.10	25.20	26.40	24.90	22.70	2.70	2.40	0.00	0.00
7.20	25.10	26.30	24.80	22.50	2.70	2.50	0.00	0.00
7.30	25.10	26.30	24.80	22.60	2.50	2.70	0.00	0.00
7.40	25.10	26.30	24.80	22.60	2.40	2.70	0.00	0.00
7.50	25.10	26.30	24.80	22.60	2.70	2.10	0.00	0.00
7.60	25.10	26.20	24.80	22.60	2.40	2.40	0.00	0.00
7.70	25.10	26.20	24.80	22.60	3.00	2.80	0.00	0.00
7.80	25.20	26.30	24.90	22.60	3.00	2.80	0.00	0.00
7.90	25.10	26.20	24.80	22.70	3.00	3.00	0.00	0.00
8.00	25.10	26.20	24.80	22.70	2.50	2.50	0.00	0.00
8.10	25.00	26.20	24.80	22.60	2.50	2.50	0.00	0.00
8.20	25.10	26.40	24.80	22.60	3.00	2.50	0.00	0.00
8.30	25.10	26.40	24.80	22.60	2.70	2.50	0.00	0.00
8.40	25.10	26.30	24.90	22.70	2.20	2.80	0.00	0.00
8.50	25.10	26.30	24.90	22.70	2.40	2.50	0.00	0.00
8.60	25.10	26.30	24.80	22.50	3.00	2.70	0.00	0.00
8.70	25.10	26.10	24.70	22.60	3.00	2.70	0.00	0.00
8.80	25.10	26.10	24.70	22.60	3.60	2.50	0.00	0.00
8.90	25.20	26.30	24.90	22.60	2.40	2.70	0.00	0.00
9.00	25.00	26.30	24.80	22.60	2.80	2.80	-0.01	0.00
9.10	25.00	26.30	24.80	22.60	0.80	2.70	6.09	0.00
9.20	25.00	26.30	24.80	22.70	2.50	2.70	5.32	0.00
9.30	25.00	26.20	24.80	22.50	2.80	2.40	4.66	0.00
9.40	25.00	26.20	24.80	22.50	3.10	2.70	4.10	0.00
9.50	25.10	26.30	24.90	22.60	3.00	2.50	3.73	0.00
9.60	25.10	26.30	24.90	22.60	3.00	2.50	3.41	0.00
9.70	25.20	26.40	24.80	22.70	3.10	0.80	3.29	0.00
9.80	25.20	26.30	24.80	22.60	2.70	2.70	7.23	0.00
9.90	25.20	26.30	24.80	22.60	2.80	3.00	9.82	0.00
10.00	25.30	26.40	24.80	22.70	3.00	2.80	10.83	0.00
10.10	25.20	26.30	24.80	22.70	3.30	2.50	11.02	0.00
10.20	25.20	26.30	24.80	22.70	2.50	2.40	10.89	0.00
10.30	25.30	26.30	24.90	22.70	3.10	2.70	10.72	0.00
10.40	25.40	26.40	24.90	22.80	3.10	2.40	10.57	0.00
10.50	25.40	26.40	24.90	22.80	3.00	2.70	10.43	0.00
10.60	25.50	26.50	25.00	22.70	3.00	2.70	10.32	0.00
10.70	25.60	26.40	25.00	22.70	3.10	2.50	10.22	0.00
10.80	25.60	26.40	25.00	22.70	3.50	2.70	10.12	0.00
10.90	25.50	26.40	24.90	22.60	3.30	2.40	10.03	0.00
11.00	25.50	26.20	24.90	22.60	2.80	2.70	9.95	0.00
11.10	25.50	26.20	24.90	22.60	3.00	2.40	11.13	0.00
11.20	25.70	26.40	24.80	22.70	3.30	2.40	13.45	0.00
11.30	25.60	26.30	24.70	22.60	3.30	2.40	14.56	0.00
11.40	25.60	26.30	24.70	22.60	3.50	2.40	14.93	0.00
11.50	25.60	26.40	24.80	22.60	3.60	3.00	14.88	0.00
11.60	25.70	26.30	24.90	22.70	3.60	3.00	14.82	0.00
11.70	25.70	26.30	24.90	22.70	3.30	2.70	14.75	0.00
11.80	25.60	26.20	24.80	22.50	3.50	2.50	14.69	0.00
11.90	25.70	26.40	24.90	22.70	3.60	3.00	15.17	0.00
12.00	25.70	26.40	24.90	22.70	3.50	2.50	17.01	0.00
12.10	25.70	26.30	24.90	22.60	3.80	2.70	18.00	0.00
12.20	25.90	26.40	25.00	22.70	3.60	2.50	18.61	0.00
12.30	25.90	26.40	25.00	22.70	3.90	2.40	18.83	0.00
12.40	25.80	26.40	24.80	22.70	3.90	2.20	18.84	0.00
12.50	25.90	26.40	24.90	22.60	3.90	2.20	18.83	0.00
12.60	25.90	26.40	24.90	22.60	4.40	2.80	18.72	0.00
12.70	25.90	26.40	24.90	22.70	4.10	2.20	19.71	0.00
12.80	25.90	26.40	24.90	22.70	4.10	2.50	21.11	0.00
12.90	26.00	26.40	24.90	22.70	4.40	2.70	21.64	0.00
13.00	26.00	26.30	24.80	22.70	3.90	2.40	21.81	0.00
13.10	26.00	26.30	24.80	22.70	4.70	2.20	21.77	0.00
13.20	26.10	26.30	24.90	22.60	4.20	2.80	21.73	0.00
13.30	26.10	26.20	24.80	22.60	4.70	2.20	21.73	0.00
13.40	26.10	26.20	24.80	22.60	4.20	2.50	21.68	0.00
13.50	26.30	26.40	24.90	22.70	4.50	2.80	22.27	0.00
13.60	26.30	26.40	25.00	22.70	4.80	2.80	24.47	0.00
13.70	26.30	26.40	25.00	22.70	4.20	2.50	26.26	0.00
13.80	26.20	26.20	24.80	22.60	5.00	2.40	26.64	0.00
13.90	26.40	26.30	24.80	22.60	5.10	2.10	26.77	0.00
14.00	26.40	26.30	24.80	22.60	5.10	2.70	26.73	0.00
14.10	26.30	26.10	24.70	22.60	5.00	2.50	26.77	0.00
14.20	26.40	26.30	24.90	22.80	5.10	2.40	26.76	0.00
14.30	26.40	26.30	24.90	22.80	5.30	2.70	26.69	0.00
14.40	26.50	26.20	24.80	22.60	5.30	2.70	26.72	0.00
14.50	26.60	26.30	24.90	22.70	5.10	2.50	26.76	0.00
14.60	26.60	26.30	24.90	22.70	5.30	2.50	27.62	0.00
14.70	26.70	26.20	24.70	22.60	5.50	2.50	29.27	0.00
14.80	26.60	26.30	24.80	22.60	5.50	2.70	29.96	0.00
14.90	26.60	26.30	24.80	22.60	5.50	2.40	30.46	0.00
15.00	26.70	26.30	24.80	22.70	5.90	2.70	30.55	0.00
15.10	26.70	26.20	24.80	22.60	6.50	2.50	30.55	0.00
15.20	26.70	26.20	24.80	22.60	5.80	2.50	30.54	0.00
15.30	26.80	26.20	24.80	22.60	5.80	2.50	30.57	0.00
15.40	27.00	26.20	24.80	22.50	5.80	2.40	30.58	0.00
15.50	27.00	26.20	24.80	22.50	6.20	2.40	30.58	0.00
15.60	26.90	26.20	24.70	22.70	6.20	2.70	30.61	0.00
15.70	27.00	26.20	24.80	22.70	5.90	2.50	30.61	0.00
15.80	27.00	26.20	24.80	22.70	6.40	2.40	30.69	0.00
15.90	27.10	26.30	24.90	22.70	6.70	2.70	32.54	0.00
16.00	27.10	26.30	24.90	22.60	6.80	3.30	33.90	0.00
16.10	27.10	26.30	24.90	22.60	7.00	2.40	34.36	0.00
16.20	27.10	26.30	24.90	22.60	7.50	2.20	34.68	0.00
16.30	27.10	26.20	24.90	22.60	7.50	2.20	34.69	0.00
16.40	27.10	26.20	24.90	22.60	7.10	1.70	34.70	0.00
16.50	27.20	26.30	24.90	22.60	7.30	2.40	34.70	0.00
16.60	27.20	26.20	24.90	22.50	6.80	2.70	34.73	0.00
16.70	27.20	26.20	24.90	22.50	7.30	2.40	34.71	0.00
16.80	27.30	26.30	24.80	22.60	7.50	2.70	34.71	0.00
16.90	27.40	26.40	24.90	22.70	7.30	2.50	34.75	0.00
17.00	27.40	26.40	24.90	22.70	7.60	1.90	36.05	0.00
17.10	27.40	26.30	24.80	22.70	7.50	2.50	37.52	0.00
17.20	27.40	26.30	24.80	22.70	7.50	2.50	38.07	0.00
17.30	27.60	26.40	24.90	22.70	7.80	3.00	38.09	0.00
17.40	27.50	26.20	24.70	22.50	8.10	2.20	38.01	0.00
17.50	27.50	26.20	24.70	22.50	8.10	2.50	37.99	0.00
17.60	27.70	26.30	24.90	22.60	7.90	2.40	37.96	0.00
17.70	27.60	26.10	24.70	22.50	8.20	2.80	37.96	0.00
17.80	27.60	26.10	24.70	22.50	8.50	2.50	38.88	0.00
17.90	27.80	26.40	24.90	22.70	8.50	2.40	40.24	0.00
18.00	27.80	26.20	24.80	22.60	8.40	2.70	40.85	0.00
18.10	27.80	26.20	24.80	22.60	8.80	2.10	40.94	0.00
18.20	27.80	26.20	24.80	22.60	8.80	2.10	40.94	0.00
18.30	27.80	26.30	24.90	22.60	8.80	2.80	40.93	0.00
18.40	27.80	26.30	24.90	22.60	9.10	2.70	40.93	0.00
18.50	27.90	26.30	24.70	22.70	9.00	2.70	40.93	0.00
18.60	27.90	26.20	24.80	22.50	9.60	2.50	40.90	0.00
18.70	27.90	26.20	24.80	22.50	9.50	2.70	40.94	0.00
18.80	28.10	26.30	25.00	22.60	9.60	1.90	40.93	0.00
18.90	28.00	26.20	24.80	22.60	9.90	3.00	41.04	0.00
19.00	28.00	26.20	24.80	22.60	9.80	2.40	43.11	0.00
19.10	28.20	26.20	24.90	22.60	9.80	2.40	44.09	0.00
19.20	28.00	26.20	24.80	22.50	10.10	3.00	45.03	0.00
19.30	28.00	26.20	24.80	22.50	10.50	2.50	45.93	0.00
19.40	28.10	26.20	24.90	22.60	10.10	2.40	46.44	0.00
19.50	28.10	26.10	24.70	22.50	10.50	2.20	46.66	0.00
19.60	28.10	26.10	24.70	22.50	10.50	2.80	46.66	0.00
19.70	28.30	26.20	24.90	22.60	11.20	2.50	46.63	0.00
19.80	28.30	26.20	24.90	22.50	10.80	2.70	46.64	0.00
19.90	28.30	26.20	24.90	22.50	10.70	2.50	46.99	0.00
20.00	28.50	26.30	24.80	22.70	10.70	2.50	48.54	0.00
20.10	28.40	26.20	24.90	22.60	11.30	2.40	49.40	0.00
20.20	28.40	26.20	24.90	22.60	11.30	2.40	49.61	0.00
20.30	28.50	26.30	24.90	22.60	11.60	2.70	49.56	0.00
20.40	28.40	26.20	24.70	22.50	11.90	2.40	49.59	0.00
20.50	28.40	26.20	24.70	22.50	11.50	2.70	49.57	0.00
20.60	28.60	26.20	24.90	22.60	11.90	2.10	49.56	0.00
20.70	28.50	26.10	24.70	22.40	12.20	3.40	49.57	0.00
20.80	28.50	26.10	24.70	22.40	12.40	3.10	49.59	0.00
20.90	28.70	26.30	24.90	22.70	12.40	3.10	49.59	0.00
21.00	28.70	26.30	24.90	22.70	12.80	2.40	50.46	0.00
21.10	28.70	26.20	24.80	22.60	12.40	2.70	51.15	0.00
21.20	28.80	26.20	24.90	22.60	12.70	2.40	51.15	0.00
21.30	28.80	26.20	24.90	22.60	12.70	2.50	51.11	0.00
21.40	28.80	26.20	24.80	22.70	13.00	2.50	50.86	0.00
21.50	28.80	26.10	24.80	22.60	13.30	2.50	50.58	0.00
21.60	28.80	26.10	24.80	22.60	13.20	2.80	50.40	0.00
21.70	29.00	26.30	24.90	22.60	13.60	2.50	50.28	0.00
21.80	29.00	26.30	24.80	22.50	13.60	2.50	50.25	0.00
21.90	29.00	26.30	24.80	22.50	13.60	2.50	50.18	0.00
22.00	29.00	26.20	24.80	22.60	13.80	2.70	50.14	0.00
22.10	29.10	26.30	24.80	22.70	13.90	2.20	50.14	0.00
22.20	29.10	26.30	24.80	22.70	14.10	2.50	50.11	0.00
22.30	29.00	26.20	24.90	22.60	14.10	2.70	50.10	0.00
22.40	29.10	26.20	24.80	22.70	14.50	2.40	50.08	0.00
22.50	29.10	26.20	24.80	22.70	14.70	2.50	50.07	0.00
22.60	29.10	26.40	24.90	22.60	14.70	2.80	50.01	0.00
22.70	29.10	26.40	24.90	22.50	14.70	2.80	50.00	0.00
22.80	29.10	26.40	24.90	22.50	14.70	2.40	49.98	0.00
22.90	29.10	26.10	24.70	22.50	14.70	2.40	49.98	0.00
23.00	29.10	26.10	24.70	22.50	16.10	1.70	49.99	0.00
23.10	29.10	26.20	24.80	22.60	15.00	2.70	49.98	0.00
23.20	29.10	26.20	24.80	22.60	15.00	2.20	49.95	0.00
23.30	29.10	26.20	24.80	22.60	15.00	2.50	49.93	0.00
23.40	29.20	26.30	24.90	22.60	15.80	2.80	49.91	0.00
23.50	29.20	26.30	24.90	22.60	15.60	2.50	49.95	0.00
23.60	29.40	26.20	24.90	22.60	15.80	2.40	49.93	0.00
23.70	29.40	26.20	24.90	22.60	15.90	2.50	49.88	0.00
23.80	29.40	26.20	24.90	22.60	16.40	1.90	49.89	0.00
23.90	29.40	26.30	24.80	22.70	16.20	2.10	49.86	0.00
24.00	29.50	26.40	24.90	22.70	16.40	2.70	49.89	0.00
24.10	29.50	26.40	24.90	22.70	16.80	2.40	49.87	0.00
24.20	29.30	26.30	24.70	22.50	16.50	2.10	49.85	0.00
24.30	29.50	26.30	24.90	22.70	16.80	2.20	49.87	0.00
24.40	29.50	26.30	24.90	22.70	17.00	2.50	49.83	0.00
24.50	29.40	26.20	24.80	22.60	15.50	2.40	49.85	0.00
24.60	29.40	26.20	24.80	22.60	17.50	2.50	49.81	0.00
24.70	29.60	26.30	25.00	22.70	17.80	2.50	49.79	0.00
24.80	29.50	26.20	24.80	22.60	17.60	2.50	49.86	0.00
24.90	29.50	26.20	24.80	22.60	17.90	2.70	49.79	0.00
25.00	29.70	26.20	24.80	22.60	17.90	2.40	49.78	0.00
25.10	29.60	26.30	24.90	22.70	18.10	2.70	49.76	0.00
25.20	29.60	26.30	24.90	22.70	17.90	2.40	49.80	0.00
25.30	29.60	26.30	24.80	22.70	18.20	2.50	49.80	0.00
25.40	29.60	26.10	24.80	22.50	18.40	2.70	49.74	0.00
25.50	29.60	26.10	24.80	22.50	18.40	2.70	49.80	0.00
25.60	29.80	26.20	24.90	22.70	18.40	2.70	49.80	0.00
25.70	29.80	26.20	24.90	22.70	18.50	2.80	49.76	0.00
25.80	29.70	26.30	24.90	22.70	18.70	2.70	49.75	0.00
25.90	29.60	26.20	24.80	22.60	18.70	2.70	49.80	0.00
26.00	29.60	26.20	24.80	22.60	19.50	2.80	49.80	0.00
26.10	29.70	26.30	24.90	22.60	19.90	2.40	49.86	0.00
26.20	29.60	26.00	24.70	22.50	19.60	2.40	49.83	0.00
26.30	29.60	26.00	24.70	22.50	19.50	2.80	49.83	0.00
26.40	29.80	26.20	25.00	22.80	19.30	2.40	49.88	0.00
26.50	29.80	26.20	25.00	22.80	19.90	2.40	49.86	0.00
26.60	29.80	26.20	24.80	22.60	20.10	2.50	49.93	0.00
26.70	29.80	26.20	24.90	22.70	19.90	2.50	49.87	0.00
26.80	29.80	26.20	24.90	22.70	20.10	2.70	49.87	0.00
26.90	29.80	26.20	24.80	22.60	20.50	2.70	49.88	0.00
27.00	29.80	26.20	24.80	22.60	20.20	2.70	49.81	0.00
27.10	29.90	26.20	24.90	22.70	19.90	2.10	49.85	0.00
27.20	29.80	26.20	24.80	22.60	20.70	2.20	49.81	0.00
27.30	29.90	26.20	24.80	22.60	21.00	2.50	49.81	0.00
27.40	29.90	26.20	24.80	22.60	21.00	2.50	49.79	0.00
27.50	29.90	26.30	24.90	22.70	21.30	2.80	49.80	0.00
27.60	29.90	26.30	24.90	22.70	21.50	2.40	49.76	0.00
27.70	29.90	26.20	24.80	22.60	21.20	2.50	49.76	0.00
27.80	30.00	26.10	24.80	22.60	21.60	2.40	49.73	0.00
27.90	30.00	26.10	24.80	22.60	21.90	2.70	49.72	0.00
28.00	30.00	26.20	24.90	22.70	21.80	2.50	49.70	0.00
28.10	30.00	26.20	24.90	22.70	22.10	2.40	49.68	0.00
28.20	30.00	26.30	24.80	22.70	22.20	2.40	49.70	0.00
28.30	29.80	26.20	24.90	22.60	22.10	2.50	49.68	0.00
28.40	29.80	26.20	24.90	22.60	22.20	3.00	49.67	0.00
28.50	30.00	26.30	24.80	22.70	22.20	3.00	49.65	0.00
28.60	29.90	26.10	24.80	22.60	22.50	2.80	49.63	0.00
28.70	29.90	26.10	24.80	22.60	22.70	2.40	49.65	0.00
28.80	30.00	26.20	24.80	22.50	22.70	2.40	49.61	0.00
28.90	30.00	26.20	24.80	22.60	23.00	2.70	49.68	0.00
29.00	30.00	26.20	24.80	22.60	22.90	2.40	49.73	0.00
29.10	30.00	26.20	24.80	22.60	22.90	2.50	49.73	0.00
29.20	30.00	26.20	24.80	22.60	23.50	2.40	49.76	0.00
29.30	30.00	26.20	24.80	22.60	23.30	3.00	49.81	0.00
29.40	30.00	26.20	24.80	22.60	23.30	3.00	49.87	0.00
29.50	30.00	26.20	24.80	22.60	22.20	2.40	49.88	0.00
29.60	30.10	26.40	24.90	22.60	23.80	2.50	49.87	0.00
29.70	30.20	26.20	25.00	22.60	23.80	2.50	49.86	0.00
29.80	30.20	26.20	25.00	22.60	23.90	2.40	49.86	0.00
29.90	30.00	26.20	24.80	22.50	24.50	2.40	49.87	0.00
30.00	30.20	26.30	24.90	22.70	24.40	2.50	50.31	0.00
30.10	30.20	26.30	24.90	22.70	24.40	2.70	51.02	0.00
30.20	30.20	26.10	24.80	22.60	24.20	2.70	51.15	0.00
30.30	30.20	26.30	25.00	22.70	25.00	2.50	51.09	0.00
30.40	30.20	26.30	25.00	22.70	25.00	2.50	51.03	0.00
30.50	30.20	26.40	25.10	22.80	25.60	2.80	50.69	0.00
30.60	30.20	26.40	25.10	22.80	25.30	2.50	50.36	0.00
30.70	30.10	26.10	24.80	22.50	25.80	2.40	50.23	0.00
30.80	30.20	26.30	24.80	22.60	25.20	2.50	50.08	0.00
30.90	30.20	26.30	24.80	22.60	25.80	2.20	50.04	0.00
31.00	30.20	26.20	24.80	22.60	25.50	2.40	50.01	0.00
31.10	30.20	26.20	24.80	22.60	25.50	2.50	50.00	0.00
31.20	30.20	26.20	24.80	22.70	25.80	2.40	49.98	0.00
31.30	30.20	26.20	24.80	22.70	26.20	2.70	49.91	0.00
31.40	30.20	26.10	24.70	22.60	26.20	2.70	49.93	0.00
31.50	30.30	26.20	24.90	22.60	26.40	2.80	49.94	0.00
31.60	30.30	26.20	24.90	22.60	26.70	3.00	49.91	0.00
31.70	30.30	26.20	24.80	22.50	26.90	2.40	49.88	0.00
31.80	30.20	26.20	24.80	22.60	26.90	2.50	49.82	0.00
31.90	30.20	26.20	24.80	22.60	27.30	2.80	49.83	0.00
32.00	30.30	26.20	24.90	22.80	26.90	2.20	49.82	0.00
32.10	30.40	26.30	24.90	22.70	27.00	2.50	49.79	0.00
32.20	30.40	26.30	24.90	22.70	27.50	2.70	49.78	0.00
32.30	30.50	26.30	24.90	22.60	27.50	2.70	49.78	0.00
32.40	30.30	26.30	24.90	22.70	27.80	2.40	49.78	0.00
32.50	30.30	26.30	24.90	22.70	27.50	2.70	49.85	0.00
32.60	30.50	26.30	24.90	22.70	28.10	2.50	49.80	0.00
32.70	30.40	26.20	24.80	22.70	28.20	2.40	49.80	0.00
32.80	30.40	26.20	24.80	22.70	28.20	2.40	49.83	0.00
32.90	30.40	26.20	24.80	22.60	28.10	2.40	49.85	0.00
33.00	30.50	26.20	24.90	22.70	28.50	2.50	49.86	0.00
33.10	30.50	26.20	24.90	22.70	28.70	2.20	49.89	0.00
33.20	30.40	26.20	24.80	22.60	28.70	2.20	49.86	0.00
33.30	30.40	26.20	25.00	22.70	28.90	2.70	49.91	0.00
33.40	30.40	26.20	25.00	22.70	29.50	2.50	49.87	0.00
33.50	30.40	26.20	24.80	22.60	29.60	2.50	49.88	0.00
33.60	30.40	26.20	24.80	22.60	29.50	2.40	49.86	0.00
33.70	30.30	26.30	24.80	22.60	29.30	2.70	49.83	0.00
33.80	30.50	26.30	25.00	22.70	29.20	2.70	49.82	0.00
33.90	30.50	26.30	25.00	22.70	29.50	2.40	49.76	0.00
34.00	30.50	26.20	24.80	22.60	30.10	2.40	49.75	0.00
34.10	30.40	26.10	24.90	22.60	30.10	2.40	49.75	0.00
34.20	30.40	26.10	24.90	22.60	29.80	2.20	49.72	0.00
34.30	30.40	26.20	24.90	22.70	30.60	2.70	49.70	0.00
34.40	30.50	26.20	24.80	22.60	30.60	2.70	49.69	0.00
34.50	30.50	26.20	24.80	22.60	30.40	2.50	49.67	0.00
34.60	30.40	26.20	25.00	22.70	30.70	3.00	49.63	0.00
34.70	30.50	26.30	25.00	22.60	30.40	2.80	49.60	0.00
34.80	30.50	26.30	25.00	22.60	30.60	2.50	49.65	0.00
34.90	30.50	26.20	24.80	22.70	30.90	2.50	49.56	0.00
35.00	30.40	26.10	24.80	22.60	30.90	2.50	49.53	0.00
35.10	30.40	26.10	24.80	22.60	31.50	3.40	49.55	0.00
35.20	30.50	26.20	24.90	22.70	31.50	2.70	49.49	0.00
35.30	30.70	26.20	24.90	22.60	31.80	2.40	49.51	0.00
35.40	30.70	26.20	24.90	22.60	31.90	2.80	49.56	0.00
35.50	30.60	26.20	24.90	22.50	31.90	2.70	49.60	0.00
35.60	30.60	26.20	24.80	22.60	32.10	2.80	50.98	0.00
35.70	30.60	26.20	24.80	22.60	32.20	2.80	50.94	0.00
35.80	30.50	26.10	24.90	22.60	32.40	2.10	50.89	0.00
35.90	30.50	26.10	24.80	22.60	32.40	2.10	50.81	0.00
36.00	30.50	26.10	24.80	22.60	32.70	2.20	50.82	0.00
36.10	30.60	26.10	24.80	22.50	32.70	2.40	50.66	0.00
36.20	30.60	26.10	24.80	22.50	32.90	2.70	50.44	0.00
36.30	30.70	26.20	24.90	22.70	33.00	2.10	50.25	0.00
36.40	30.60	26.20	24.80	22.70	32.90	2.70	50.14	0.00
36.50	30.60	26.20	24.80	22.70	33.20	2.20	50.06	0.00
36.60	30.60	26.20	24.90	22.70	33.50	2.80	50.04	0.00
36.70	30.50	26.20	24.90	22.60	33.50	2.40	50.00	0.00
36.80	30.50	26.20	24.90	22.60	33.60	2.50	49.98	0.00
36.90	30.60	26.20	24.90	22.70	33.60	2.50	49.91	0.00
37.00	30.60	26.20	24.90	22.70	33.90	2.70	49.93	0.00
37.10	30.60	26.20	24.90	22.60	34.10	2.10	49.92	0.00
37.20	30.50	26.20	24.80	22.60	34.20	2.50	49.87	0.00
37.30	30.50	26.20	24.80	22.60	34.10	2.40	49.88	0.00
37.40	30.50	26.30	24.80	22.60	34.10	2.50	49.85	0.00
37.50	30.60	26.10	24.70	22.60	34.60	3.00	49.85	0.00
37.60	30.60	26.10	24.70	22.60	34.60	2.20	49.86	0.00
37.70	30.70	26.20	25.00	22.70	34.60	2.50	49.85	0.00
37.80	30.70	26.20	24.90	22.60	34.60	2.50	49.83	0.00
37.90	30.70	26.20	24.90	22.60	34.70	2.20	49.89	0.00
38.00	30.70	26.10	24.90	22.70	35.00	2.70	49.83	0.00
38.10	30.70	26.20	24.90	22.80	35.50	2.50	49.89	0.00
38.20	30.70	26.20	24.90	22.80	35.30	2.40	49.79	0.00
38.30	30.60	26.10	24.90	22.60	35.30	2.70	49.78	0.00
38.40	30.60	26.20	24.90	22.50	35.90	2.40	49.78	0.00
38.50	30.60	26.20	24.90	22.50	36.10	2.50	49.70	0.00
38.60	30.80	26.20	24.90	22.80	35.60	2.50	49.72	0.00
38.70	30.70	26.30	25.00	22.80	35.60	2.50	49.67	0.00
38.80	30.70	26.30	25.00	22.80	36.20	2.50	49.65	0.00
38.90	30.80	26.20	24.90	22.70	36.40	2.70	49.60	0.00
39.00	30.70	26.10	24.80	22.60	36.60	2.50	49.54	0.00
39.10	30.70	26.10	24.80	22.60	36.40	2.50	49.60	0.00
39.20	30.60	26.10	24.70	22.60	36.70	2.70	49.51	0.00
39.30	30.70	26.20	24.90	22.70	37.00	2.40	49.51	0.00
39.40	30.70	26.20	24.90	22.70	37.00	2.50	49.47	0.00
39.50	30.70	26.20	24.90	22.60	37.00	2.20	49.43	0.00
39.60	30.70	26.20	24.90	22.60	37.20	2.50	49.41	0.00
39.70	30.60	26.10	24.80	22.70	37.20	2.50	50.07	0.00
39.80	30.70	26.30	24.90	22.70	37.30	2.50	50.96	0.00
39.90	30.70	26.30	24.90	22.70	37.50	2.70	50.90	0.00
40.00	30.50	26.00	24.80	22.50	38.10	2.10	50.86	0.00
40.10	30.80	26.30	25.10	22.80	37.90	2.70	50.77	0.00
40.20	30.80	26.30	25.10	22.80	38.10	2.20	50.75	0.00
40.30	30.80	26.20	24.80	22.70	38.10	2.50	50.66	0.00
40.40	30.80	26.20	24.90	22.60	38.40	2.40	50.44	0.00
40.50	30.80	26.20	24.90	22.60	38.60	0.50	50.21	0.00
40.60	30.70	26.20	24.80	22.70	38.60	0.50	50.00	0.00
40.70	30.80	26.10	24.90	22.60	38.90	2.80	49.95	0.00
40.80	30.80	26.10	24.90	22.60	39.30	2.50	49.94	0.00
40.90	30.90	26.20	24.90	22.70	37.50	2.70	49.86	0.00
41.00	30.80	26.30	24.90	22.70	38.90	2.50	49.85	0.00
41.10	30.80	26.30	24.90	22.70	39.60	3.40	49.79	0.00
41.20	30.80	26.10	24.90	22.70	39.50	2.10	49.83	0.00
41.30	30.80	26.10	24.90	22.60	39.60	2.80	49.78	0.00
41.40	30.80	26.10	24.90	22.60	39.60	2.80	49.78	0.00
41.50	30.80	26.20	25.00	22.70	39.50	2.40	49.81	0.00
41.60	30.80	26.20	25.00	22.70	39.90	2.70	49.81	0.00
41.70	30.70	26.10	24.80	22.60	40.20	2.20	49.80	0.00
41.80	30.70	26.10	24.90	22.50	40.10	3.00	49.75	0.00
41.90	30.70	26.10	24.90	22.50	40.60	2.50	49.74	0.00
42.00	30.70	26.10	24.80	22.60	39.00	2.70	49.68	0.00
42.10	30.70	26.10	24.90	22.60	40.40	2.50	49.63	0.00
42.20	30.70	26.10	24.90	22.60	40.90	2.50	49.61	0.00
42.30	30.70	26.20	24.90	22.70	40.70	2.50	49.53	0.00
42.40	30.80	26.10	24.90	22.60	40.90	2.40	49.53	0.00
42.50	30.80	26.10	24.90	22.60	41.00	2.10	49.49	0.00
42.60	30.80	26.10	24.90	22.60	41.50	2.50	49.44	0.00
42.70	30.80	26.20	24.90	22.50	41.20	2.20	49.38	0.00
42.80	30.80	26.20	24.90	22.50	41.90	2.70	49.34	0.00
42.90	30.80	26.20	24.90	22.70	41.60	2.50	49.37	0.00
43.00	30.80	26.10	24.90	22.60	42.10	2.50	49.44	0.00
43.10	30.80	26.10	24.90	22.60	41.80	2.40	51.18	0.00
43.20	30.70	26.10	24.80	22.60	41.80	2.70	51.11	0.00
43.30	30.80	26.20	24.90	22.60	41.90	2.40	51.03	0.00
43.40	30.80	26.20	24.90	22.60	42.30	2.70	50.94	0.00
43.50	30.80	26.20	24.90	22.70	42.30	2.70	50.92	0.00
43.60	30.80	26.20	24.90	22.70	42.70	3.10	50.83	0.00
43.70	30.90	26.20	24.90	22.70	43.00	2.20	50.75	0.00
43.80	31.00	26.20	24.90	22.70	43.00	2.70	50.62	0.00
43.90	31.00	26.20	24.90	22.70	43.00	2.70	50.51	0.00
44.00	30.80	26.10	24.90	22.50	43.00	2.70	50.27	0.00
44.10	30.80	26.10	24.90	22.50	43.50	2.40	50.06	0.00
44.20	30.80	26.10	24.80	22.50	43.50	2.50	50.04	0.00
44.30	30.80	26.20	24.90	22.50	43.90	1.90	50.00	0.00
44.40	30.80	26.20	24.90	22.50	43.90	1.90	49.92	0.00
44.50	30.90	26.10	24.90	22.80	43.90	1.90	49.94	0.00
44.60	30.70	26.10	24.80	22.50	43.00	2.70	49.92	0.00
44.70	30.70	26.10	24.80	22.50	44.40	2.70	49.86	0.00
44.80	30.80	26.20	24.90	22.60	43.90	1.90	49.83	0.00
44.90	30.90	26.20	24.90	22.70	44.60	2.40	49.80	0.00
45.00	30.90	26.20	24.90	22.70	44.40	2.10	49.73	0.00
45.10	30.80	26.10	24.90	22.60	44.90	2.70	49.66	0.00
45.20	30.90	26.20	25.00	22.60	45.00	2.50	49.57	0.00
45.30	30.90	26.20	25.00	22.60	44.90	2.70	49.53	0.00
45.40	30.70	26.20	24.90	22.70	44.90	2.70	49.44	0.00
45.50	30.80	26.20	24.80	22.70	44.90	2.50	49.48	0.00
45.60	30.80	26.20	24.80	22.70	45.00	2.80	49.36	0.00
45.70	30.80	26.10	24.90	22.60	45.30	2.80	49.31	0.00
45.80	30.70	26.20	24.90	22.70	45.50	3.00	49.28	0.00
45.90	30.70	26.20	24.90	22.70	45.90	2.50	49.36	0.00
46.00	30.70	26.20	24.90	22.60	45.80	2.20	50.96	0.00
46.10	30.70	26.20	24.90	22.60	45.80	2.50	51.03	0.00
46.20	30.90	26.20	25.00	22.70	46.30	2.50	50.90	0.00
46.30	30.90	26.20	25.00	22.70	45.90	2.40	50.83	0.00
46.40	30.90	26.20	25.00	22.70	46.10	2.50	50.73	0.00
46.50	30.90	26.20	24.90	22.60	46.40	2.70	50.66	0.00
46.60	30.90	26.20	24.90	22.60	46.60	2.70	50.58	0.00
46.70	30.90	26.20	24.90	22.60	47.20	2.80	50.43	0.00
46.80	30.90	26.20	24.90	22.60	47.00	2.70	50.07	0.00
46.90	30.80	26.10	24.80	22.60	46.90	2.50	49.98	0.00
47.00	30.80	26.10	24.80	22.60	47.20	2.50	49.93	0.00
47.10	30.80	26.20	24.90	22.70	47.60	2.40	49.92	0.00
47.20	30.90	26.10	24.90	22.80	47.20	2.20	49.88	0.00
47.30	30.90	26.10	24.90	22.80	47.50	2.70	49.86	0.00
47.40	30.90	26.20	24.90	22.80	47.80	2.50	49.81	0.00
47.50	30.80	26.10	24.90	22.70	47.90	2.80	49.81	0.00
47.60	30.80	26.10	24.90	22.70	48.30	2.50	49.74	0.00
47.70	30.90	26.10	24.80	22.60	48.10	2.50	49.65	0.00
47.80	30.90	26.10	24.80	22.60	48.10	2.40	49.60	0.00
47.90	30.90	26.20	24.70	22.70	48.60	1.70	49.47	0.00
48.00	30.80	26.10	24.80	22.60	48.40	2.40	49.44	0.00
48.10	30.80	26.10	24.90	22.70	48.40	2.50	49.37	0.00
48.20	30.80	26.10	24.90	22.70	48.40	2.50	49.28	0.00
48.30	30.70	26.10	24.70	22.60	48.90	2.20	49.22	0.00
48.40	30.70	26.10	24.70	22.60	49.00	2.80	49.12	0.00
48.50	30.80	26.20	24.90	22.60	49.20	2.70	49.09	0.00
48.60	30.90	26.20	25.00	22.60	49.20	2.70	49.10	0.00
48.70	30.90	26.20	25.00	22.60	49.60	2.50	50.04	0.00
48.80	30.70	26.10	24.90	22.60	49.50	2.40	51.11	0.00
48.90	30.70	26.00	24.80	22.50	49.50	2.40	50.99	0.00
49.00	30.70	26.00	24.80	22.50	49.90	2.40	50.85	0.00
49.10	30.80	26.00	24.90	22.60	50.30	2.70	50.76	0.00
49.20	30.70	26.20	24.90	22.80	50.30	2.70	50.63	0.00
49.30	30.70	26.20	24.90	22.80	50.30	2.70	50.54	0.00
49.40	30.90	26.10	24.90	22.60	50.30	2.20	50.08	0.00
49.50	30.80	26.10	24.80	22.60	50.70	2.20	49.82	0.00
49.60	30.80	26.10	24.80	22.60	50.60	2.40	49.92	0.00
49.70	30.90	26.10	24.80	22.70	50.70	2.70	49.95	0.00
49.80	30.80	26.00	24.70	22.50	51.00	2.40	49.87	0.00
49.90	30.80	26.00	24.70	22.50	50.90	2.20	49.85	0.00
50.00	30.80	26.20	24.80	22.60	51.30	1.90	49.76	0.00
50.10	30.80	26.20	24.80	22.60	51.30	1.90	49.68	0.00
50.20	30.80	26.10	25.00	22.60	51.50	2.20	49.62	0.00
50.30	30.90	26.10	25.00	22.70	51.30	2.50	49.51	0.00
50.40	30.90	26.10	25.00	22.70	51.80	2.70	49.44	0.00
50.50	30.80	26.10	24.90	22.70	51.60	2.50	49.30	0.00
50.60	30.90	26.20	25.00	22.80	52.10	2.20	49.24	0.00
50.70	30.90	26.20	25.00	22.80	52.30	2.80	49.17	0.00
50.80	30.80	26.10	24.90	22.70	52.30	2.70	49.04	0.00
50.90	30.80	26.20	24.90	22.70	52.40	2.40	48.98	0.00
51.00	30.80	26.20	24.90	22.70	52.40	2.40	48.88	0.00
51.10	30.80	26.00	24.90	22.60	52.90	2.70	50.75	0.00
51.20	30.70	26.00	24.70	22.60	53.20	2.20	50.88	0.00
51.30	30.70	26.00	24.70	22.60	52.90	2.10	50.78	0.00
51.40	30.80	26.10	24.90	22.60	53.20	2.20	50.65	0.00
51.50	30.70	26.00	24.80	22.60	52.90	2.70	50.47	0.00
51.60	30.70	26.00	24.80	22.60	53.30	2.50	50.38	0.00
51.70	30.80	26.20	25.00	22.70	53.80	2.40	50.26	0.00
51.80	30.90	26.20	25.00	22.70	53.60	2.70	50.21	0.00
51.90	30.90	26.20	25.00	22.70	53.60	2.70	50.10	0.00
52.00	30.90	26.20	24.90	22.70	54.10	3.30	49.96	0.00
52.10	30.90	26.20	24.90	22.70	54.10	2.70	49.86	0.00
52.20	30.90	26.20	24.90	22.70	54.40	2.50	49.76	0.00
52.30	30.80	26.20	24.90	22.70	53.80	2.50	49.57	0.00
52.40	30.80	26.10	24.90	22.70	54.40	2.80	49.51	0.00
52.50	30.80	26.10	24.90	22.70	54.40	2.40	49.34	0.00
52.60	30.90	26.20	24.80	22.60	54.70	2.10	49.29	0.00
52.70	30.80	26.20	24.80	22.70	54.30	2.70	49.21	0.00
52.80	30.80	26.20	24.80	22.70	54.60	2.70	49.08	0.00
52.90	30.80	26.20	24.90	22.70	54.60	2.70	48.97	0.00
53.00	30.80	26.10	24.90	22.60	55.20	2.20	49.78	0.00
53.10	30.80	26.10	24.90	22.60	55.20	2.10	51.36	0.00
53.20	30.90	26.00	25.00	22.80	55.50	2.80	51.20	0.00
53.30	30.80	26.20	25.00	22.80	55.50	2.50	50.96	0.00
53.40	30.80	26.20	25.00	22.80	55.30	2.40	50.76	0.00
53.50	31.00	26.20	24.80	22.70	55.30	2.50	50.57	0.00
53.60	31.00	26.20	24.80	22.70	56.10	2.70	50.39	0.00
53.70	30.90	26.20	24.80	22.70	56.00	2.40	50.26	0.00
53.80	30.80	26.20	25.00	22.80	56.10	2.40	50.13	0.00
53.90	30.80	26.20	25.00	22.80	56.30	2.70	49.98	0.00
54.00	30.80	26.00	24.90	22.60	56.40	2.50	49.89	0.00
54.10	30.80	26.00	24.90	22.60	57.00	2.20	49.78	0.00
54.20	30.80	26.00	24.90	22.60	56.70	0.50	49.74	0.00
54.30	30.80	26.00	24.90	22.60	57.20	2.40	49.61	0.00
54.40	30.80	26.10	24.90	22.70	56.90	2.50	49.47	0.00
54.50	30.80	26.10	24.90	22.70	57.20	2.70	49.33	0.00
54.60	30.80	26.20	24.90	22.60	57.20	2.70	49.18	0.00
54.70	30.80	26.20	24.90	22.60	57.30	2.50	49.10	0.00
54.80	31.00	26.10	25.00	22.70	57.30	2.50	48.89	0.00
54.90	30.90	26.10	24.80	22.70	57.60	2.50	48.79	0.00
55.00	30.90	26.10	24.80	22.70	57.30	2.10	48.65	0.00
55.10	30.90	26.10	24.90	22.60	57.60	2.80	49.37	0.00
55.20	30.90	26.10	24.90	22.60	58.30	2.80	51.35	0.00
55.30	30.60	25.90	24.70	22.50	58.10	2.20	51.16	0.00
55.40	30.80	26.10	24.80	22.70	58.40	2.80	50.95	0.00
55.50	30.80	26.10	24.80	22.70	58.90	2.70	50.78	0.00
55.60	30.90	26.10	24.90	22.70	58.30	2.50	50.65	0.00
55.70	30.80	26.10	24.80	22.60	58.60	2.40	50.47	0.00
55.80	30.80	26.10	24.80	22.60	58.60	2.40	50.30	0.00
55.90	30.90	26.20	24.90	22.70	58.90	2.70	50.14	0.00
56.00	31.00	26.10	24.90	22.60	58.90	2.20	49.99	0.00
56.10	31.00	26.10	24.90	22.60	59.00	2.20	49.80	0.00
56.20	30.90	26.10	24.90	22.70	59.80	2.20	49.65	0.00
56.30	30.90	26.10	24.90	22.70	59.60	2.20	49.49	0.00
56.40	30.80	26.00	24.80	22.60	59.50	2.40	49.34	0.00
56.50	30.80	26.00	24.90	22.60	59.80	2.70	49.16	0.00
56.60	30.80	26.00	24.90	22.60	60.10	2.50	48.99	0.00
56.70	30.80	26.00	24.80	22.60	60.10	2.50	48.83	0.00
56.80	30.80	26.10	25.00	22.70	60.00	2.40	48.75	0.00
56.90	30.80	26.10	25.00	22.70	60.30	2.40	49.29	0.00
57.00	30.80	26.10	24.90	22.70	60.10	2.50	51.34	0.00
57.10	30.80	26.10	24.80	22.60	60.30	2.40	51.33	0.00
57.20	30.80	26.10	24.80	22.60	60.90	2.40	51.11	0.00
57.30	30.90	26.10	24.90	22.60	60.90	2.40	50.88	0.00
57.40	30.90	26.20	24.90	22.80	60.70	2.50	50.62	0.00
57.50	30.90	26.20	24.90	22.80	61.00	2.50	50.46	0.00
57.60	30.80	26.10	24.90	22.70	61.00	2.50	50.20	0.00
57.70	30.90	26.20	25.00	22.80	61.60	2.20	50.06	0.00
57.80	30.90	26.20	25.00	22.80	61.60	3.40	49.81	0.00
57.90	30.70	26.00	24.90	22.60	61.80	2.50	49.68	0.00
58.00	30.80	26.10	24.90	22.70	61.60	2.10	49.48	0.00
58.10	30.80	26.10	24.90	22.70	62.00	2.70	49.30	0.00
58.20	30.80	26.00	24.90	22.70	61.80	2.80	49.04	0.00
58.30	30.90	26.30	25.00	22.70	61.80	2.40	48.90	0.00
58.40	30.90	26.30	25.00	22.70	62.30	2.40	48.73	0.00
58.50	30.80	26.10	24.90	22.60	62.30	2.40	48.50	0.00
58.60	30.80	26.10	24.90	22.60	62.70	2.50	49.25	0.00
58.70	30.90	26.10	25.00	22.80	62.90	2.70	50.79	0.00
58.80	31.00	26.20	25.00	22.70	62.60	3.00	51.02	0.00
58.90	31.00	26.20	25.00	22.70	63.00	2.50	50.86	0.00
59.00	30.80	26.10	24.80	22.60	63.20	2.80	50.83	0.00
59.10	30.90	26.10	25.00	22.70	63.20	2.50	50.50	0.00
59.20	30.90	26.10	25.00	22.70	63.50	2.50	50.23	0.00
59.30	30.60	26.10	24.90	22.60	63.20	2.20	49.95	0.00
59.40	30.70	26.00	24.90	22.60	63.70	2.50	49.65	0.00
59.50	30.70	26.00	24.90	22.60	63.70	2.50	49.35	0.00
59.60	30.80	26.10	24.90	22.60	64.30	2.50	49.16	0.00
59.70	30.80	26.10	24.90	22.60	63.80	2.50	49.02	0.00
59.80	30.80	26.10	24.90	22.60	64.10	2.40	48.76	0.00
59.90	30.70	26.10	24.90	22.60	64.30	2.70	49.51	0.00
60.00	30.70	26.10	24.90	22.60	64.60	2.50	50.39	0.00
60.10	30.80	26.10	24.90	22.60	64.40	2.80	50.76	0.00
60.20	30.80	26.10	24.80	22.80	64.70	2.80	50.59	0.00
60.30	30.80	26.10	24.80	22.80	64.70	2.40	50.36	0.00
60.40	30.80	26.10	24.90	22.70	64.70	2.40	50.21	0.00
60.50	30.80	26.00	24.80	22.70	65.20	2.20	49.89	0.00
60.60	30.80	26.00	24.80	22.70	65.70	2.20	49.66	0.00
60.70	30.60	26.00	24.80	22.60	65.30	2.50	49.27	0.00
60.80	30.90	26.20	25.00	22.70	65.50	2.20	49.02	0.00
60.90	30.90	26.20	24.80	22.70	65.50	2.50	49.22	0.00
61.00	30.90	26.20	24.80	22.70	65.80	2.70	49.68	0.00
61.10	30.70	26.10	25.00	22.60	66.00	2.80	49.79	0.00
61.20	30.70	26.10	25.00	22.60	66.10	2.50	49.93	0.00
61.30	30.70	26.00	24.80	22.80	66.10	2.50	49.76	0.00
61.40	30.70	26.10	24.90	22.70	66.10	2.50	49.66	0.00
61.50	30.70	26.10	24.90	22.70	66.40	2.70	49.91	0.00
61.60	30.80	26.20	25.00	22.70	66.60	2.10	50.06	0.00
61.70	30.90	26.10	25.00	22.70	66.40	2.40	50.25	0.00
61.80	30.90	26.10	25.00	22.70	66.70	2.80	50.15	0.00
61.90	30.80	26.20	24.80	22.70	66.70	2.70	50.06	0.00
62.00	30.80	26.10	24.90	22.70	66.90	2.50	50.11	0.00
62.10	30.80	26.10	24.90	22.70	67.30	2.70	49.83	0.00
62.20	30.90	26.20	25.00	22.70	67.30	2.70	49.88	0.00
62.30	30.80	26.20	25.00	22.80	67.20	2.50	49.49	0.00
62.40	30.80	26.20	25.00	22.80	67.50	2.50	49.62	0.00
62.50	30.90	26.20	25.00	22.80	66.30	2.50	49.75	0.00
62.60	30.80	26.20	24.90	22.70	67.70	2.50	49.86	0.00
62.70	30.80	26.20	24.90	22.70	67.80	2.40	49.89	0.00
62.80	30.70	26.00	25.10	22.60	68.10	2.70	50.01	0.00
62.90	30.70	26.00	24.90	22.60	68.10	2.10	49.98	0.00
63.00	30.70	26.00	24.90	22.60	68.10	2.50	49.74	0.00
63.10	30.80	26.10	24.80	22.60	68.10	2.50	49.72	0.00
63.20	30.70	26.10	24.90	22.60	69.00	2.40	49.60	0.00
63.30	30.70	26.10	24.90	22.60	69.00	2.20	49.73	0.00
63.40	30.70	26.20	24.80	22.70	68.90	2.50	50.06	0.00
63.50	30.80	26.20	24.90	22.80	68.70	2.50	49.75	0.00
63.60	30.80	26.20	24.90	22.80	69.20	2.40	49.86	0.00
63.70	30.70	26.10	25.00	22.70	69.20	2.20	49.65	0.00
63.80	30.80	26.20	24.90	22.70	69.80	2.20	45.56	0.00
63.90	30.80	26.20	24.90	22.70	69.30	2.70	25.37	0.00
64.00	30.50	26.00	24.90	22.50	69.30	2.70	10.15	0.00
64.10	30.70	26.20	24.90	22.80	69.30	2.50	7.44	0.00
64.20	30.70	26.20	24.90	22.80	69.20	2.10	5.42	0.00
64.30	30.60	26.10	25.00	22.70	68.90	2.40	4.04	0.00
64.40	30.30	26.00	24.80	22.60	69.20	2.50	3.16	0.00
64.50	30.30	26.00	24.80	22.60	68.90	2.50	2.60	0.00
64.60	30.40	26.10	24.90	22.60	69.00	2.40	2.15	0.00
64.70	30.40	26.10	24.90	22.60	68.90	2.40	1.79	0.00
64.80	30.20	26.10	25.00	22.70	68.70	2.70	1.50	0.00
64.90	30.20	26.10	24.90	22.60	68.70	2.50	1.30	0.00
65.00	30.20	26.10	24.90	22.60	68.70	2.50	1.11	0.00
65.10	30.10	26.20	24.90	22.70	69.20	2.50	0.95	0.00
65.20	30.00	26.00	24.80	22.60	69.20	2.40	0.88	0.00
65.30	30.00	26.00	24.80	22.60	69.20	2.40	0.75	0.00
65.40	29.90	26.00	24.90	22.60	68.70	3.00	0.73	0.00
65.50	29.80	26.00	24.90	22.60	69.20	2.50	0.60	0.00
65.60	29.80	26.00	24.90	22.60	69.00	2.70	0.57	0.00
65.70	29.80	26.00	24.90	22.60	68.70	2.40	0.57	0.00
65.80	29.60	26.00	24.90	22.60	68.90	2.20	0.56	0.00
65.90	29.60	26.00	24.90	22.60	68.90	2.20	0.46	0.00
66.00	29.60	26.00	24.90	22.70	69.00	2.50	0.41	0.00
66.10	29.60	26.10	24.80	22.60	68.90	2.50	0.38	0.00
66.20	29.60	26.10	24.80	22.60	68.60	2.80	0.38	0.00
66.30	29.50	26.20	25.00	22.70	68.60	2.70	0.28	0.00
66.40	29.40	26.00	24.90	22.70	68.60	2.50	0.31	0.00
66.50	29.40	26.00	24.90	22.70	68.90	2.40	0.25	0.00
66.60	29.40	26.10	24.90	22.70	68.70	2.40	0.31	0.00
66.70	29.40	26.10	24.80	22.50	68.60	2.70	0.25	0.00
66.80	29.40	26.10	24.80	22.50	69.20	2.50	0.25	0.00
66.90	29.30	26.00	24.70	22.50	69.20	2.50	0.24	0.00
67.00	29.30	26.10	24.90	22.70	69.00	2.20	0.21	0.00
67.10	29.30	26.10	24.90	22.70	68.60	2.80	0.20	0.00
67.20	29.30	26.20	25.10	22.70	68.60	2.40	0.21	0.00
67.30	29.30	26.00	24.90	22.70	68.70	2.40	0.21	0.00
67.40	29.30	26.00	24.90	22.70	68.70	2.50	0.17	0.00
67.50	29.20	26.10	25.00	22.60	69.00	2.70	0.18	0.00
67.60	29.10	26.00	24.80	22.60	69.00	2.70	0.18	0.00
67.70	29.10	26.00	24.80	22.60	68.60	2.50	0.17	0.00
67.80	29.20	26.00	25.00	22.70	68.60	2.50	0.17	0.00
67.90	29.10	26.10	25.00	22.70	69.30	2.40	0.17	0.00
68.00	29.10	26.10	25.00	22.70	68.30	2.80	0.17	0.00
68.10	29.10	26.20	25.00	22.80	68.60	2.70	0.13	0.00
68.20	29.20	26.10	24.90	22.70	69.00	2.40	0.13	0.00
68.30	29.20	26.10	24.90	22.70	68.90	2.50	0.13	0.00
68.40	29.00	26.00	25.00	22.70	68.90	2.40	0.17	0.00
68.50	29.00	26.10	25.00	22.70	68.40	2.50	0.14	0.00
68.60	29.00	26.10	25.00	22.70	68.90	2.70	0.13	0.00
68.70	28.90	26.10	24.90	22.70	68.90	2.70	0.13	0.00
68.80	28.90	26.20	25.00	22.70	68.60	2.50	0.14	0.00
68.90	28.90	26.20	25.00	22.70	68.40	2.10	0.14	0.00
69.00	28.80	26.10	24.90	22.70	68.70	2.80	0.13	0.00
69.10	28.70	25.90	24.80	22.50	68.60	2.40	0.13	0.00
69.20	28.70	25.90	24.80	22.50	68.30	2.80	0.13	0.00
69.30	28.80	26.10	24.90	22.60	68.60	2.70	0.13	0.00
69.40	28.80	26.10	24.90	22.60	68.40	2.20	0.13	0.00
69.50	28.80	26.10	24.90	22.60	68.70	3.00	0.09	0.00
69.60	28.60	26.00	24.90	22.60	68.90	2.40	0.11	0.00
69.70	28.70	26.00	24.90	22.60	68.10	2.80	0.11	0.00
69.80	28.70	26.00	24.90	22.60	68.70	2.50	0.11	0.00
69.90	28.60	26.00	24.90	22.70	68.60	2.80	0.11	0.00
70.00	28.60	26.00	24.90	22.70	68.40	2.50	0.09	0.00
70.10	28.80	26.10	24.90	22.80	68.70	2.40	0.11	0.00
70.20	28.60	26.10	25.00	22.90	68.00	2.50	0.11	0.00
70.30	28.60	26.10	25.00	22.90	68.90	2.40	0.13	0.00
70.40	28.70	26.10	24.80	22.80	68.70	2.70	0.11	0.00
70.50	28.70	26.20	24.80	22.70	68.60	2.40	0.13	0.00
70.60	28.70	26.20	24.80	22.70	68.70	2.40	0.11	0.00
70.70	28.60	26.00	24.90	22.60	68.40	2.40	0.13	0.00
70.80	28.50	26.10	24.90	22.70	68.90	2.50	0.11	0.00
70.90	28.50	26.10	24.90	22.70	68.90	2.50	0.11	0.00
71.00	28.60	26.10	25.00	22.70	68.60	2.70	0.09	0.00
71.10	28.60	26.10	25.00	22.70	68.70	2.20	0.11	0.00
71.20	28.50	26.10	25.10	22.80	69.00	2.50	0.13	0.00
71.30	28.60	26.10	25.00	22.70	67.50	2.50	0.09	0.00
71.40	28.60	26.10	25.00	22.70	69.00	2.40	0.09	0.00
71.50	28.60	26.10	25.00	22.80	69.00	2.40	0.09	0.00
71.60	28.40	26.00	24.90	22.70	68.40	2.70	0.13	0.00
71.70	28.40	26.00	24.90	22.70	68.70	2.80	0.09	0.00
71.80	28.40	26.00	24.90	22.60	68.70	2.40	0.11	0.00
71.90	28.40	26.10	24.90	22.70	68.30	2.50	0.11	0.00
72.00	28.40	26.10	24.90	22.70	68.30	2.70	0.09	0.00
72.10	28.40	26.00	24.90	22.60	68.60	2.40	0.11	0.00
72.20	28.50	26.10	25.00	22.80	68.40	2.50	0.09	0.00
72.30	28.50	26.10	25.00	22.80	68.40	2.20	0.09	0.00
72.40	28.30	26.00	24.80	22.50	68.40	2.20	0.11	0.00
72.50	28.40	26.10	25.00	22.80	68.10	2.70	0.11	0.00
72.60	28.40	26.10	25.00	22.80	68.40	2.50	0.11	0.00
72.70	28.40	26.10	25.00	22.80	68.70	2.50	0.09	0.00
