Ambient Temperature(C): 21.7
Ambient Pressure(in Hg):
Time(s)	T1(Deg C)	Wall Temp(Deg C)	Top Plate(Deg C)	Bottom Plate(Deg C)	P1(PSI)	P2(PSI)	Mass Flowrate(g/min)	Heater Energy (kJ)

0.00	21.10	21.30	21.90	21.20	0.50	1.00	0.00	0.00
0.10	21.30	21.40	21.90	21.30	0.40	1.30	0.00	0.00
0.20	21.30	21.40	21.90	21.30	0.50	1.10	0.00	0.00
0.30	21.30	21.40	21.90	21.30	0.20	0.80	0.00	0.00
0.40	21.30	21.40	21.80	21.30	0.40	0.70	0.00	0.00
0.50	21.20	21.20	21.90	21.20	0.40	0.70	0.00	0.00
0.60	21.20	21.20	21.90	21.20	0.10	1.00	0.00	0.00
0.70	21.30	21.30	21.70	21.20	0.70	1.40	0.00	0.00
0.80	21.30	21.30	21.90	21.20	0.50	1.00	0.00	0.00
0.90	21.30	21.30	21.90	21.20	0.50	0.80	0.00	0.00
1.00	21.30	21.30	21.90	21.20	0.80	0.80	0.00	0.00
1.10	21.20	21.30	21.80	21.20	0.80	0.80	0.00	0.00
1.20	21.20	21.30	21.80	21.20	0.50	0.40	0.00	0.00
1.30	21.20	21.30	21.90	21.30	0.50	0.80	0.00	0.00
1.40	21.40	21.50	22.00	21.30	-0.50	0.70	0.00	0.00
1.50	21.40	21.50	22.00	21.30	-0.50	0.70	0.00	0.00
1.60	21.30	21.40	21.80	21.30	0.40	1.00	0.00	0.00
1.70	21.20	21.40	21.90	21.10	0.40	1.10	0.00	0.00
1.80	21.20	21.40	21.90	21.10	0.80	0.70	0.00	0.00
1.90	21.30	21.30	21.90	21.20	0.50	0.80	0.00	0.00
2.00	21.30	21.40	21.80	21.20	0.70	0.80	0.00	0.00
2.10	21.30	21.40	21.80	21.20	0.40	0.80	0.00	0.00
2.20	21.30	21.40	21.90	21.10	0.50	0.80	0.00	0.00
2.30	21.30	21.30	21.90	21.20	0.40	0.70	0.00	0.00
2.40	21.30	21.30	21.90	21.20	0.40	0.70	0.00	0.00
2.50	21.20	21.30	21.80	21.20	0.40	0.70	0.00	0.00
2.60	21.30	21.30	21.90	21.10	0.80	1.00	0.00	0.00
2.70	21.30	21.30	21.90	21.10	0.10	1.00	0.00	0.00
2.80	21.30	21.30	22.00	21.30	0.70	0.80	0.00	0.00
2.90	21.20	21.40	21.80	21.30	0.20	1.00	0.00	0.00
3.00	21.20	21.40	21.80	21.30	0.20	1.10	0.00	0.00
3.10	21.10	21.20	21.80	21.10	0.70	1.10	0.00	0.00
3.20	21.10	21.20	21.80	21.10	0.20	0.80	0.00	0.00
3.30	21.30	21.50	21.90	21.30	0.40	0.80	0.00	0.00
3.40	21.20	21.30	21.90	21.20	0.40	0.80	0.00	0.00
3.50	21.20	21.30	21.90	21.20	0.40	1.30	0.00	0.00
3.60	21.20	21.30	21.90	21.10	0.40	0.70	0.00	0.00
3.70	21.20	21.20	21.90	21.10	0.40	0.80	0.00	0.00
3.80	21.20	21.20	21.90	21.10	0.20	0.80	0.00	0.00
3.90	21.20	21.30	21.80	21.30	0.70	1.10	0.00	0.00
4.00	21.30	21.30	22.00	21.30	0.50	1.00	0.00	0.00
4.10	21.30	21.30	22.00	21.30	0.70	0.70	0.00	0.00
4.20	21.30	21.40	21.90	21.30	0.50	1.40	0.00	0.00
4.30	21.30	21.40	21.90	21.30	0.50	1.40	0.00	0.00
4.40	21.30	21.40	21.90	21.30	0.40	0.70	0.00	0.00
4.50	21.20	21.30	21.80	21.20	0.40	0.80	0.00	0.00
4.60	21.20	21.30	21.80	21.20	0.50	1.00	0.00	0.00
4.70	21.30	21.30	21.90	21.20	0.40	1.00	0.00	0.00
4.80	21.40	21.40	22.00	21.30	0.80	1.10	0.00	0.00
4.90	21.40	21.40	22.00	21.30	0.40	1.10	0.00	0.00
5.00	21.20	21.30	22.00	21.10	0.80	1.00	0.00	0.00
5.10	21.10	21.20	21.90	21.20	0.50	1.10	0.00	0.00
5.20	21.10	21.20	21.90	21.20	1.00	0.80	0.00	0.00
5.30	21.30	21.30	21.80	21.20	1.00	0.80	0.00	0.00
5.40	21.30	21.30	21.80	21.20	0.20	1.00	0.00	0.00
5.50	21.30	21.30	21.80	21.20	0.50	1.00	0.00	0.00
5.60	21.30	21.30	21.90	21.30	0.10	0.70	0.00	0.00
5.70	21.30	21.30	21.90	21.30	0.50	1.40	0.00	0.00
5.80	21.40	21.40	21.90	21.10	0.20	1.10	0.00	0.00
5.90	21.30	21.30	21.90	21.30	0.40	0.70	0.00	0.00
6.00	21.30	21.40	21.90	21.30	0.50	0.70	0.00	0.00
6.10	21.30	21.40	21.90	21.30	0.40	1.00	0.00	0.00
6.20	21.40	21.40	22.00	21.30	0.40	1.00	0.00	0.00
6.30	21.40	21.40	22.00	21.30	0.20	0.70	0.00	0.00
6.40	21.40	21.30	21.90	21.10	0.20	0.80	0.00	0.00
6.50	21.40	21.30	21.90	21.10	0.50	1.00	0.00	0.00
6.60	21.40	21.30	21.90	21.20	0.40	1.30	0.00	0.00
6.70	21.30	21.30	21.80	21.20	0.40	1.30	0.00	0.00
6.80	21.30	21.30	21.80	21.20	0.40	1.00	0.00	0.00
6.90	21.50	21.30	21.80	21.30	0.40	0.70	0.00	0.00
7.00	21.30	21.30	21.90	21.20	0.50	0.40	0.00	0.00
7.10	21.30	21.30	21.90	21.20	0.50	0.40	0.00	0.00
7.20	21.40	21.40	21.90	21.30	0.40	0.80	0.00	0.00
7.30	21.40	21.40	21.90	21.20	0.50	1.00	0.00	0.00
7.40	21.40	21.40	21.90	21.20	0.70	1.10	0.00	0.00
7.50	21.40	21.50	21.80	21.20	0.20	0.70	0.00	0.00
7.60	21.40	21.40	21.80	21.20	0.40	0.80	0.00	0.00
7.70	21.40	21.40	21.80	21.20	0.80	0.70	0.00	0.00
7.80	21.30	21.50	21.90	21.20	0.80	1.00	0.00	0.00
7.90	21.40	21.40	21.90	21.10	0.50	1.00	0.00	0.00
8.00	21.40	21.40	21.90	21.10	0.50	1.00	0.00	0.00
8.10	21.10	21.40	21.90	21.20	2.20	1.40	0.00	0.00
8.20	21.10	21.40	21.90	21.20	3.30	2.10	0.00	0.00
8.30	21.70	21.30	21.90	21.30	2.50	1.40	0.00	0.00
8.40	21.90	21.40	21.90	21.30	2.50	1.60	0.00	0.00
8.50	21.90	21.40	21.90	21.30	2.80	1.70	0.00	0.00
8.60	22.20	21.40	22.00	21.30	2.50	1.60	0.00	0.00
8.70	22.30	21.50	22.00	21.20	2.50	1.70	0.00	0.00
8.80	22.30	21.50	22.00	21.20	2.70	1.60	0.00	0.00
8.90	22.30	21.30	21.80	21.20	2.70	1.90	0.00	0.00
9.00	22.50	21.30	21.90	21.20	2.70	1.90	0.00	0.00
9.10	22.50	21.30	21.90	21.20	2.80	1.40	0.00	0.00
9.20	22.40	21.30	22.00	21.30	2.50	1.70	0.00	0.00
9.30	22.40	21.40	21.90	21.30	2.80	1.30	0.00	0.00
9.40	22.40	21.40	21.90	21.30	2.70	1.60	0.00	0.00
9.50	22.20	21.30	21.90	21.20	2.50	1.70	0.00	0.00
9.60	22.20	21.30	21.90	21.20	2.50	1.70	0.00	0.00
9.70	22.20	21.30	21.90	21.10	2.40	1.90	0.00	0.00
9.80	22.20	21.30	21.80	21.20	2.70	1.30	0.00	0.00
9.90	22.20	21.30	21.80	21.20	2.70	1.30	0.00	0.00
10.00	22.10	21.30	22.00	21.20	2.70	1.70	0.00	0.00
10.10	22.10	21.30	21.90	21.20	2.40	1.10	0.00	0.00
10.20	22.10	21.30	21.90	21.20	2.50	2.10	0.00	0.00
10.30	21.90	21.40	21.90	21.10	2.80	2.10	0.00	0.00
10.40	22.00	21.50	21.90	21.20	2.20	1.40	0.00	0.00
10.50	22.00	21.50	21.90	21.20	2.50	1.30	0.00	0.00
10.60	22.00	21.40	22.00	21.30	3.00	1.70	0.00	0.00
10.70	21.70	21.30	21.70	21.10	2.40	1.40	0.00	0.00
10.80	21.70	21.30	21.70	21.10	2.40	1.40	0.00	0.00
10.90	21.90	21.30	22.00	21.20	2.70	1.40	0.00	0.00
11.00	21.90	21.30	22.00	21.20	2.50	1.40	0.00	0.00
11.10	22.00	21.30	21.90	21.20	2.20	1.60	0.00	0.00
11.20	21.90	21.40	21.80	21.10	2.50	1.60	0.00	0.00
11.30	21.90	21.40	21.80	21.10	2.80	1.40	0.00	0.00
11.40	21.70	21.40	21.90	21.20	2.50	1.60	0.00	0.00
11.50	21.70	21.30	21.90	21.10	2.20	1.70	0.00	0.00
11.60	21.70	21.30	21.90	21.10	2.40	1.40	0.00	0.00
11.70	21.80	21.40	21.90	21.20	2.20	1.40	0.00	0.00
11.80	21.80	21.30	21.80	21.20	2.20	1.40	0.00	0.00
11.90	21.80	21.30	21.80	21.20	2.20	1.40	0.00	0.00
12.00	21.80	21.30	22.00	21.30	2.40	1.40	0.00	0.00
12.10	21.80	21.30	22.00	21.30	2.50	1.30	0.00	0.00
12.20	21.70	21.30	22.00	21.20	2.50	1.40	0.00	0.00
12.30	21.90	21.40	22.10	21.30	2.80	1.70	0.73	0.00
12.40	21.80	21.40	22.00	21.40	2.50	1.60	25.95	0.00
12.50	21.80	21.40	22.00	21.40	2.70	1.90	8.00	0.00
12.60	21.80	21.30	21.90	21.30	2.70	1.40	2.15	0.00
12.70	21.80	21.30	21.90	21.30	2.70	1.40	0.39	0.00
12.80	21.90	21.40	21.90	21.20	2.40	1.70	0.09	0.00
12.90	21.90	21.40	22.00	21.30	2.70	1.40	0.04	0.00
13.00	21.90	21.40	22.00	21.30	2.80	1.60	0.02	0.00
13.10	21.80	21.30	21.90	21.30	2.70	1.30	0.04	0.00
13.20	21.80	21.30	21.90	21.30	2.70	1.70	0.40	0.00
13.30	21.70	21.30	21.80	21.20	2.80	1.90	1.28	0.00
13.40	21.90	21.50	22.00	21.30	2.70	1.10	1.48	0.00
13.50	21.90	21.50	22.00	21.30	2.50	1.70	1.23	0.00
13.60	21.70	21.20	21.80	21.10	2.50	1.70	1.03	0.00
13.70	21.70	21.40	22.00	21.10	3.00	1.40	0.91	0.00
13.80	21.70	21.40	22.00	21.10	2.50	2.10	0.84	0.00
13.90	21.80	21.40	21.80	21.20	2.50	1.70	0.76	0.00
14.00	21.80	21.30	21.90	21.10	2.80	1.10	0.79	0.00
14.10	21.80	21.30	21.90	21.10	2.50	1.30	1.99	0.00
14.20	21.70	21.30	21.90	21.20	2.80	1.30	5.32	0.00
14.30	21.70	21.30	21.90	21.20	2.70	1.70	6.93	0.00
14.40	21.70	21.30	21.90	21.20	2.80	1.40	7.27	0.00
14.50	21.80	21.30	21.90	21.30	2.70	1.90	7.42	0.00
14.60	21.80	21.30	21.90	21.30	2.70	1.90	7.66	0.00
14.70	21.80	21.30	21.90	21.20	3.00	0.70	7.93	0.00
14.80	21.80	21.20	21.90	21.20	3.00	1.40	8.10	0.00
14.90	21.80	21.20	21.90	21.20	3.10	1.10	8.15	0.00
15.00	21.90	21.40	21.90	21.10	3.10	1.70	8.10	0.00
15.10	22.00	21.40	22.00	21.30	3.00	1.60	8.09	0.00
15.20	22.00	21.40	22.00	21.30	3.00	1.30	8.63	0.00
15.30	22.00	21.30	21.90	21.40	2.80	1.30	9.08	0.00
15.40	22.00	21.30	21.90	21.40	3.10	1.40	9.26	0.00
15.50	21.90	21.30	21.90	21.20	3.00	1.60	9.46	0.00
15.60	21.80	21.20	21.70	21.10	3.00	1.60	9.90	0.00
15.70	21.80	21.20	21.70	21.10	3.30	1.30	10.67	0.00
15.80	22.10	21.40	22.00	21.30	2.80	1.70	12.33	0.00
15.90	22.10	21.30	21.90	21.20	3.10	1.40	13.46	0.00
16.00	22.10	21.30	21.90	21.20	3.30	1.60	14.15	0.00
16.10	22.10	21.30	21.90	21.30	3.10	1.30	14.63	0.00
16.20	22.20	21.30	21.90	21.20	3.50	1.60	15.13	0.00
16.30	22.20	21.30	21.90	21.20	3.30	1.60	15.42	0.00
16.40	22.20	21.30	21.80	21.20	3.50	1.90	15.44	0.00
16.50	22.20	21.50	22.00	21.10	3.50	1.90	15.37	0.00
16.60	22.20	21.50	22.00	21.10	3.30	1.60	15.29	0.00
16.70	22.10	21.20	21.70	21.20	3.50	1.70	15.32	0.00
16.80	22.10	21.20	21.70	21.20	3.80	1.10	15.43	0.00
16.90	22.30	21.30	21.90	21.20	2.50	1.70	15.72	0.00
17.00	22.40	21.30	22.00	21.20	3.60	1.30	16.10	0.00
17.10	22.40	21.30	22.00	21.20	3.90	2.10	16.39	0.00
17.20	22.40	21.40	21.90	21.20	4.20	1.40	16.93	0.00
17.30	22.40	21.30	21.80	21.30	3.90	1.40	17.27	0.00
17.40	22.40	21.30	21.80	21.30	4.10	1.60	17.43	0.00
17.50	22.50	21.30	21.90	21.20	4.10	1.60	17.44	0.00
17.60	22.60	21.20	21.80	21.10	3.80	1.10	17.36	0.00
17.70	22.60	21.20	21.80	21.10	4.10	1.30	17.37	0.00
17.80	22.50	21.30	21.90	21.20	3.90	1.60	17.43	0.00
17.90	22.60	21.30	21.80	21.20	4.20	1.30	17.76	0.00
18.00	22.60	21.30	21.80	21.20	4.10	1.10	18.23	0.00
18.10	22.60	21.30	22.00	21.20	4.70	1.30	19.06	0.00
18.20	22.90	21.40	22.00	21.30	4.70	1.30	19.99	0.00
18.30	22.90	21.40	22.00	21.30	4.50	1.40	20.98	0.00
18.40	22.60	21.30	21.80	21.20	4.50	1.40	21.57	0.00
18.50	22.70	21.30	21.90	21.20	4.40	1.10	22.15	0.00
18.60	22.70	21.30	21.90	21.20	4.20	1.70	22.48	0.00
18.70	22.70	21.30	21.90	21.10	4.70	0.80	23.11	0.00
18.80	22.90	21.40	22.00	21.20	4.70	1.70	23.85	0.00
18.90	22.90	21.40	22.00	21.20	4.70	1.60	24.43	0.00
19.00	23.00	21.40	21.90	21.20	4.80	1.40	25.02	0.00
19.10	23.00	21.30	21.90	21.30	4.80	1.40	25.34	0.00
19.20	23.00	21.30	21.90	21.30	4.80	1.60	25.63	0.00
19.30	22.90	21.30	21.80	21.20	5.00	1.40	26.04	0.00
19.40	23.00	21.40	21.90	21.30	5.50	1.30	26.43	0.00
19.50	23.00	21.40	21.90	21.30	4.80	1.60	26.88	0.00
19.60	23.10	21.30	21.70	21.20	5.50	1.60	27.37	0.00
19.70	23.10	21.30	21.70	21.20	5.50	1.70	28.05	0.00
19.80	23.20	21.40	21.90	21.30	5.10	1.30	28.76	0.00
19.90	23.10	21.20	21.90	21.20	5.50	1.60	29.24	0.00
20.00	23.10	21.20	21.90	21.20	5.30	1.60	29.54	0.00
20.10	23.30	21.30	21.90	21.20	5.50	1.30	29.96	0.00
20.20	23.20	21.30	21.90	21.20	5.60	1.10	30.42	0.00
20.30	23.20	21.30	21.90	21.20	5.60	1.10	30.93	0.00
20.40	23.40	21.40	21.90	21.20	5.90	1.40	31.42	0.00
20.50	23.40	21.40	21.90	21.20	6.10	1.30	32.16	0.00
20.60	23.40	21.20	21.80	21.10	6.10	1.40	32.95	0.00
20.70	23.40	21.40	22.10	21.20	6.20	1.40	33.34	0.00
20.80	23.40	21.40	22.10	21.20	6.40	1.30	33.78	0.00
20.90	23.50	21.40	21.90	21.30	6.50	1.60	34.30	0.00
21.00	23.60	21.40	21.90	21.30	6.80	1.30	34.86	0.00
21.10	23.60	21.40	21.90	21.30	6.10	1.30	35.41	0.00
21.20	23.70	21.40	22.00	21.20	6.10	1.30	36.22	0.00
21.30	23.50	21.30	21.80	21.20	6.80	1.40	37.17	0.00
21.40	23.50	21.30	21.80	21.20	6.50	1.30	38.04	0.00
21.50	23.70	21.30	21.90	21.20	6.70	1.70	38.40	0.00
21.60	23.70	21.30	21.90	21.20	6.70	1.70	38.59	0.00
21.70	23.80	21.20	21.80	21.20	7.60	1.40	38.85	0.00
21.80	24.00	21.40	21.80	21.30	7.60	1.60	39.01	0.00
21.90	24.00	21.40	21.80	21.30	7.10	1.10	39.08	0.00
22.00	23.90	21.30	21.90	21.20	7.50	1.60	39.06	0.00
22.10	23.90	21.30	21.90	21.20	7.50	1.30	39.04	0.00
22.20	24.00	21.30	21.80	21.10	7.50	1.30	39.04	0.00
22.30	24.00	21.30	21.80	21.30	7.90	1.70	39.01	0.00
22.40	24.00	21.30	21.80	21.30	7.80	1.60	39.26	0.00
22.50	24.10	21.40	21.90	21.20	9.10	1.10	39.71	0.00
22.60	24.20	21.30	21.90	21.30	8.40	1.60	40.33	0.00
22.70	24.20	21.30	21.90	21.30	8.10	1.10	40.85	0.00
22.80	24.20	21.30	21.80	21.20	8.20	1.60	41.14	0.00
22.90	24.20	21.30	21.80	21.20	8.40	1.60	41.37	0.00
23.00	24.40	21.40	22.00	21.30	8.50	1.40	42.02	0.00
23.10	24.30	21.30	21.70	21.00	8.80	1.60	42.48	0.00
23.20	24.40	21.30	21.80	21.10	8.80	1.60	42.97	0.00
23.30	24.40	21.30	21.80	21.10	9.10	1.70	43.12	0.00
23.40	24.50	21.40	21.90	21.30	9.00	1.40	43.07	0.00
23.50	24.50	21.40	21.90	21.30	9.10	1.90	43.05	0.00
23.60	24.50	21.40	21.90	21.30	9.00	1.10	43.03	0.00
23.70	24.50	21.30	22.00	21.30	9.10	1.60	43.19	0.00
23.80	24.50	21.30	22.00	21.30	9.80	1.60	43.23	0.00
23.90	24.60	21.30	21.90	21.20	9.50	1.70	43.82	0.00
24.00	24.60	21.30	21.90	21.20	9.80	1.30	44.86	0.00
24.10	24.60	21.20	21.80	21.00	9.80	1.30	45.28	0.00
24.20	24.80	21.40	22.00	21.20	10.10	1.40	45.25	0.00
24.30	24.80	21.30	21.90	21.30	10.80	1.30	45.16	0.00
24.40	24.80	21.30	21.90	21.30	10.40	1.10	45.06	0.00
24.50	24.80	21.30	21.90	21.20	10.40	1.10	45.11	0.00
24.60	24.90	21.30	21.90	21.20	10.70	1.60	45.23	0.00
24.70	24.90	21.30	21.90	21.20	10.50	1.60	45.56	0.00
24.80	24.90	21.30	21.90	21.30	10.50	2.20	46.02	0.00
24.90	24.90	21.30	21.90	21.30	10.80	1.70	46.47	0.00
25.00	25.00	21.30	21.90	21.20	10.50	1.30	46.50	0.00
25.10	24.90	21.30	21.90	21.20	10.50	1.30	46.54	0.00
25.20	24.90	21.30	21.90	21.20	11.60	1.70	46.72	0.00
25.30	25.00	21.20	22.00	21.20	11.50	1.90	47.23	0.00
25.40	25.00	21.30	21.90	21.30	11.50	1.60	47.24	0.00
25.50	25.00	21.30	21.90	21.30	11.50	1.40	47.18	0.00
25.60	25.10	21.30	22.00	21.30	11.60	1.00	47.32	0.00
25.70	25.10	21.30	22.00	21.30	12.10	1.40	47.82	0.00
25.80	25.20	21.30	21.90	21.10	12.10	1.70	48.46	0.00
25.90	25.20	21.30	21.90	21.20	12.40	1.60	48.97	0.00
26.00	25.20	21.30	21.90	21.20	12.40	1.60	49.23	0.00
26.10	25.30	21.30	21.90	21.30	12.40	1.90	49.38	0.00
26.20	25.20	21.20	21.90	21.10	11.80	1.70	49.72	0.00
26.30	25.20	21.20	21.90	21.10	12.50	0.70	50.15	0.00
26.40	25.30	21.40	21.80	21.10	12.80	1.40	50.45	0.00
26.50	25.30	21.40	21.90	21.20	13.00	1.70	50.39	0.00
26.60	25.30	21.40	21.90	21.20	12.80	1.60	50.28	0.00
26.70	25.30	21.20	21.90	21.20	13.20	1.60	50.20	0.00
26.80	25.50	21.40	21.90	21.30	13.30	1.70	50.08	0.00
26.90	25.50	21.40	21.90	21.30	13.30	1.40	50.07	0.00
27.00	25.40	21.30	21.90	21.20	13.60	1.70	50.02	0.00
27.10	25.40	21.30	21.90	21.20	13.60	1.40	50.02	0.00
27.20	25.40	21.20	21.90	21.20	14.10	0.80	49.99	0.00
27.30	25.60	21.40	21.90	21.10	14.10	1.60	49.99	0.00
27.40	25.60	21.40	21.90	21.10	14.20	1.60	49.95	0.00
27.50	25.60	21.20	21.90	21.30	14.50	1.40	49.98	0.00
27.60	25.50	21.30	21.90	21.20	14.70	1.30	49.99	0.00
27.70	25.50	21.30	21.90	21.20	14.70	1.40	49.94	0.00
27.80	25.50	21.30	21.80	21.30	14.70	1.30	49.95	0.00
27.90	25.70	21.30	21.90	21.30	14.70	1.30	49.95	0.00
28.00	25.70	21.30	21.90	21.30	15.00	1.60	49.93	0.00
28.10	25.70	21.40	22.00	21.20	15.20	1.30	49.87	0.00
28.20	25.70	21.30	21.90	21.20	14.80	1.00	49.87	0.00
28.30	25.70	21.30	21.90	21.20	15.60	1.30	49.87	0.00
28.40	25.80	21.30	21.90	21.20	15.30	1.40	49.87	0.00
28.50	25.70	21.40	21.90	21.20	15.50	2.10	49.85	0.00
28.60	25.70	21.40	21.90	21.20	15.80	1.90	49.89	0.00
28.70	25.80	21.40	22.00	21.20	15.60	1.30	49.87	0.00
28.80	25.90	21.30	22.00	21.20	15.90	1.40	49.91	0.00
28.90	25.90	21.30	22.00	21.20	16.10	1.70	49.88	0.00
29.00	25.70	21.30	22.00	21.10	16.50	1.40	49.89	0.00
29.10	25.80	21.30	21.90	21.30	16.40	1.40	49.87	0.00
29.20	25.80	21.30	21.90	21.30	16.40	1.60	49.89	0.00
29.30	25.80	21.30	21.90	21.20	16.70	1.40	49.88	0.00
29.40	25.90	21.30	21.90	21.20	16.50	1.70	49.88	0.00
29.50	25.90	21.30	21.90	21.20	17.20	1.60	49.89	0.00
29.60	26.00	21.40	21.90	21.30	16.70	2.10	49.91	0.00
29.70	26.00	21.40	21.90	21.30	17.80	1.40	49.91	0.00
29.80	26.00	21.30	22.00	21.20	17.80	1.40	49.88	0.00
29.90	26.00	21.40	21.80	21.20	17.50	1.30	49.88	0.00
30.00	26.00	21.40	21.80	21.20	17.50	1.40	49.87	0.00
30.10	26.00	21.30	21.90	21.30	18.10	1.30	49.88	0.00
30.20	25.90	21.30	21.80	21.10	17.90	1.10	49.89	0.00
30.30	25.90	21.30	21.80	21.10	17.90	1.40	49.92	0.00
30.40	26.10	21.30	21.80	21.20	18.10	1.60	49.91	0.00
30.50	26.10	21.30	21.90	21.20	17.90	1.40	49.95	0.00
30.60	26.10	21.30	21.90	21.20	18.40	1.30	49.89	0.00
30.70	26.00	21.30	21.80	21.30	18.40	1.30	49.98	0.00
30.80	26.00	21.30	21.90	21.20	18.80	1.30	49.89	0.00
30.90	26.00	21.30	21.90	21.20	18.70	1.90	49.89	0.00
31.00	26.00	21.30	21.90	21.10	18.70	1.30	49.87	0.00
31.10	26.00	21.30	21.90	21.10	19.20	1.60	49.89	0.00
31.20	26.10	21.30	21.90	21.20	19.30	1.40	49.88	0.00
31.30	26.00	21.20	21.80	21.10	19.60	1.60	49.89	0.00
31.40	26.00	21.20	21.80	21.10	19.80	1.30	49.85	0.00
31.50	26.10	21.30	21.90	21.10	19.60	1.70	49.87	0.00
31.60	26.10	21.30	22.00	21.20	19.60	1.70	49.89	0.00
31.70	26.10	21.30	22.00	21.20	19.90	1.60	49.88	0.00
31.80	26.30	21.30	21.90	21.20	19.90	1.60	49.91	0.00
31.90	26.10	21.20	22.00	21.10	20.20	1.40	49.85	0.00
32.00	26.10	21.20	22.00	21.10	19.90	1.30	49.86	0.00
32.10	26.10	21.20	21.80	21.20	20.50	1.60	49.86	0.00
32.20	26.10	21.20	21.80	21.20	20.50	1.60	49.86	0.00
32.30	26.10	21.30	21.80	21.20	21.00	1.70	49.89	0.00
32.40	26.20	21.40	21.90	21.20	20.50	1.60	49.87	0.00
32.50	26.20	21.40	21.90	21.20	20.50	1.60	49.87	0.00
32.60	26.20	21.30	21.90	21.20	21.00	1.60	49.91	0.00
32.70	26.20	21.30	22.00	21.20	21.20	1.00	49.88	0.00
32.80	26.20	21.30	22.00	21.20	21.30	1.60	49.83	0.00
32.90	26.20	21.30	22.00	21.30	21.20	1.90	49.85	0.00
33.00	26.20	21.10	21.90	21.10	21.90	1.40	49.91	0.00
33.10	26.20	21.10	21.90	21.10	21.00	1.60	49.91	0.00
33.20	26.30	21.30	22.00	21.20	22.40	1.60	49.92	0.00
33.30	26.30	21.30	22.00	21.20	21.60	1.60	49.89	0.00
33.40	26.30	21.30	22.00	21.20	21.60	1.60	49.87	0.00
33.50	26.10	21.30	21.90	21.20	22.10	1.40	49.87	0.00
33.60	26.10	21.30	21.90	21.20	22.40	1.60	49.88	0.00
33.70	26.30	21.40	21.90	21.30	22.20	1.30	50.10	0.00
33.80	26.30	21.30	21.90	21.20	22.50	1.10	50.72	0.00
33.90	26.30	21.30	21.90	21.20	22.70	1.30	50.77	0.00
34.00	26.30	21.40	21.90	21.20	22.90	1.30	50.66	0.00
34.10	26.50	21.30	22.00	21.30	23.00	1.70	50.60	0.00
34.20	26.50	21.30	22.00	21.30	22.70	1.40	50.47	0.00
34.30	26.30	21.30	21.90	21.20	23.50	0.80	50.49	0.00
34.40	26.30	21.30	21.90	21.20	23.50	0.80	50.33	0.00
34.50	26.40	21.30	22.00	21.20	23.80	1.60	50.28	0.00
34.60	26.40	21.30	21.90	21.20	23.60	1.60	50.27	0.00
34.70	26.40	21.30	21.80	21.20	23.80	1.70	50.19	0.00
34.80	26.40	21.30	21.80	21.20	23.80	1.60	50.18	0.00
34.90	26.50	21.20	21.80	21.20	24.10	1.60	50.14	0.00
35.00	26.40	21.30	21.90	21.10	24.40	1.70	50.07	0.00
35.10	26.40	21.30	21.90	21.10	24.50	1.90	50.10	0.00
35.20	26.50	21.30	21.90	21.20	24.40	1.30	50.07	0.00
35.30	26.50	21.30	21.90	21.20	24.40	1.30	50.02	0.00
35.40	26.60	21.40	21.90	21.20	24.90	1.60	50.02	0.00
35.50	26.30	21.20	21.80	21.10	24.70	1.40	49.98	0.00
35.60	26.30	21.20	21.80	21.10	24.90	1.60	49.98	0.00
35.70	26.40	21.10	21.90	21.20	25.30	1.30	49.98	0.00
35.80	26.60	21.40	21.90	21.20	25.30	1.60	49.88	0.00
35.90	26.60	21.40	21.90	21.20	25.50	1.30	49.91	0.00
36.00	26.50	21.30	21.90	21.20	25.80	1.40	49.88	0.00
36.10	26.50	21.30	21.80	21.20	25.80	1.40	49.88	0.00
36.20	26.50	21.30	21.80	21.20	25.80	1.40	49.87	0.00
36.30	26.60	21.40	22.00	21.20	26.20	1.60	49.83	0.00
36.40	26.60	21.20	21.90	21.20	26.10	1.60	49.80	0.00
36.50	26.60	21.20	21.90	21.20	26.40	1.60	49.81	0.00
36.60	26.60	21.30	22.00	21.30	26.50	1.30	49.78	0.00
36.70	26.50	21.30	21.80	21.20	26.50	1.40	49.81	0.00
36.80	26.50	21.30	21.80	21.20	26.90	1.60	49.78	0.00
36.90	26.50	21.20	21.80	21.20	27.20	1.10	49.78	0.00
37.00	26.50	21.20	21.80	21.20	26.70	1.70	49.75	0.00
37.10	26.50	21.10	21.80	21.20	26.90	1.40	49.74	0.00
37.20	26.50	21.30	22.00	21.30	27.30	1.70	49.75	0.00
37.30	26.60	21.40	21.90	21.20	27.50	1.10	49.76	0.00
37.40	26.60	21.40	21.90	21.20	27.60	1.40	49.78	0.00
37.50	26.50	21.30	21.90	21.20	27.20	1.40	49.82	0.00
37.60	26.50	21.30	21.90	21.20	27.50	1.30	49.80	0.00
37.70	26.60	21.30	21.80	21.20	27.80	1.60	49.87	0.00
37.80	26.60	21.20	21.80	21.10	27.50	1.30	49.82	0.00
37.90	26.60	21.20	21.80	21.10	27.80	1.60	49.86	0.00
38.00	26.80	21.40	22.00	21.20	27.90	1.60	49.88	0.00
38.10	26.50	21.10	21.80	21.10	27.90	1.60	49.87	0.00
38.20	26.60	21.30	21.90	21.20	28.70	1.40	49.89	0.00
38.30	26.60	21.30	21.90	21.20	28.70	1.70	49.89	0.00
38.40	26.70	21.30	21.90	21.30	28.70	1.40	49.85	0.00
38.50	26.50	21.10	21.90	21.00	29.00	1.30	49.88	0.00
38.60	26.50	21.10	21.90	21.00	28.70	1.40	49.87	0.00
38.70	26.70	21.30	21.80	21.20	28.90	1.40	49.89	0.00
38.80	26.70	21.30	21.80	21.20	29.20	1.60	49.91	0.00
38.90	26.80	21.30	22.00	21.20	29.80	1.40	49.93	0.00
39.00	26.60	21.20	21.90	21.10	29.30	1.40	49.89	0.00
39.10	26.60	21.20	21.90	21.10	29.80	1.40	49.89	0.00
39.20	26.70	21.30	22.00	21.40	29.80	1.30	49.91	0.00
39.30	26.80	21.30	22.00	21.30	29.80	1.60	49.88	0.00
39.40	26.80	21.30	22.00	21.30	30.20	1.70	49.91	0.00
39.50	26.80	21.30	22.00	21.20	29.90	0.80	49.91	0.00
39.60	26.90	21.30	22.10	21.20	30.40	1.30	49.86	0.00
39.70	26.90	21.30	22.10	21.20	30.60	1.30	49.88	0.00
39.80	26.80	21.20	21.90	21.20	30.40	1.60	49.86	0.00
39.90	26.80	21.20	21.90	21.20	28.70	1.40	49.89	0.00
40.00	26.80	21.30	21.90	21.40	28.70	1.40	49.88	0.00
40.10	26.80	21.30	21.90	21.30	30.70	1.40	49.85	0.00
40.20	26.80	21.30	21.90	21.30	31.20	1.30	49.87	0.00
40.30	26.90	21.30	22.00	21.30	31.20	1.40	49.91	0.00
40.40	26.70	21.30	21.80	21.30	31.30	1.70	49.87	0.00
40.50	26.70	21.30	21.80	21.30	31.30	1.40	49.93	0.00
40.60	26.90	21.30	21.90	21.30	31.60	1.70	49.94	0.00
40.70	26.70	21.30	21.90	21.20	31.50	1.60	49.91	0.00
40.80	26.70	21.30	21.90	21.20	32.10	1.60	49.89	0.00
40.90	26.80	21.30	21.90	21.40	32.10	1.60	49.86	0.00
41.00	26.90	21.20	22.00	21.20	32.10	1.60	49.88	0.00
41.10	26.90	21.20	22.00	21.20	31.90	1.70	49.91	0.00
41.20	26.80	21.20	21.90	21.20	32.70	1.70	49.86	0.00
41.30	26.90	21.30	22.00	21.30	32.70	1.60	49.89	0.00
41.40	26.90	21.30	22.00	21.30	32.70	1.40	49.85	0.00
41.50	26.70	21.30	21.90	21.10	33.00	1.10	49.88	0.00
41.60	26.90	21.40	22.00	21.30	33.00	1.60	49.88	0.00
41.70	26.90	21.40	22.00	21.30	33.20	1.60	49.83	0.00
41.80	26.90	21.30	22.00	21.20	33.20	1.70	49.88	0.00
41.90	26.90	21.30	22.00	21.20	33.20	1.70	49.85	0.00
42.00	26.90	21.30	22.00	21.20	33.30	1.30	49.85	0.00
42.10	26.80	21.30	22.10	21.30	33.80	1.40	49.81	0.00
42.20	26.80	21.10	21.90	21.30	33.50	1.30	49.78	0.00
42.30	26.80	21.10	21.90	21.30	33.60	1.30	50.17	0.00
42.40	26.70	21.30	22.00	21.20	34.20	2.20	50.41	0.00
42.50	26.80	21.20	21.80	21.10	34.20	1.10	50.30	0.00
42.60	26.80	21.20	21.80	21.10	34.20	1.70	50.21	0.00
42.70	26.80	21.20	21.90	21.20	34.60	1.70	50.08	0.00
42.80	26.90	21.30	22.00	21.30	34.60	1.70	50.07	0.00
42.90	26.90	21.30	22.00	21.30	35.00	1.00	50.00	0.00
43.00	26.90	21.40	22.00	21.30	34.90	1.70	49.96	0.00
43.10	26.90	21.40	22.00	21.30	35.20	1.40	49.93	0.00
43.20	26.90	21.20	21.90	21.30	35.30	2.10	49.94	0.00
43.30	26.90	21.30	22.00	21.20	35.30	1.60	49.91	0.00
43.40	26.90	21.30	22.00	21.20	35.30	1.70	49.88	0.00
43.50	26.80	21.30	21.90	21.10	35.80	1.00	49.88	0.00
43.60	27.00	21.20	21.90	21.20	35.90	1.40	49.87	0.00
43.70	27.00	21.20	21.90	21.20	35.80	1.40	49.83	0.00
43.80	26.80	21.30	21.90	21.20	35.80	1.40	49.86	0.00
43.90	26.80	21.30	21.90	21.30	35.50	1.60	49.85	0.00
44.00	26.80	21.30	21.90	21.30	35.80	1.40	49.83	0.00
44.10	26.80	21.20	21.80	21.20	36.90	1.30	49.88	0.00
44.20	26.90	21.30	21.90	21.30	36.60	1.70	49.87	0.00
44.30	26.90	21.30	21.90	21.30	36.40	1.60	49.82	0.00
44.40	26.90	21.30	22.00	21.30	37.20	1.60	49.79	0.00
44.50	26.80	21.20	21.80	21.20	36.90	2.20	49.78	0.00
44.60	26.80	21.20	21.80	21.20	37.20	1.30	49.79	0.00
44.70	27.00	21.40	22.10	21.20	37.20	1.30	49.68	0.00
44.80	26.80	21.20	21.90	21.30	37.50	1.30	49.67	0.00
44.90	26.80	21.20	21.90	21.30	37.30	1.40	49.63	0.00
45.00	27.00	21.40	22.10	21.20	37.20	1.70	50.04	0.00
45.10	27.00	21.30	22.00	21.20	37.20	1.60	51.03	0.00
45.20	27.00	21.30	22.00	21.20	37.50	1.30	50.75	0.00
45.30	26.90	21.30	21.90	21.20	37.60	1.30	50.47	0.00
45.40	26.90	21.30	21.90	21.20	38.20	1.40	50.32	0.00
45.50	26.90	21.10	21.80	21.20	38.10	1.30	50.28	0.00
45.60	26.90	21.10	21.90	21.20	38.10	1.30	50.17	0.00
45.70	26.90	21.10	21.90	21.20	38.70	1.10	50.10	0.00
45.80	27.00	21.30	22.00	21.30	39.00	1.40	50.05	0.00
45.90	26.90	21.30	21.90	21.00	38.60	1.30	49.99	0.00
46.00	26.90	21.30	21.90	21.00	39.00	1.30	49.96	0.00
46.10	26.90	21.20	22.00	21.20	39.00	1.40	49.94	0.00
46.20	26.80	21.20	21.90	21.10	38.60	1.40	49.93	0.00
46.30	26.80	21.20	21.90	21.10	39.20	1.60	49.87	0.00
46.40	26.90	21.20	21.90	21.40	39.30	1.70	46.50	0.00
46.50	26.90	21.20	21.90	21.40	39.30	1.70	47.77	0.00
46.60	26.90	21.20	21.90	21.10	38.70	1.40	48.15	0.00
46.70	26.80	21.20	22.00	21.20	39.20	1.60	48.58	0.00
46.80	26.80	21.20	22.00	21.20	39.00	0.40	48.11	0.00
46.90	26.80	21.30	22.00	21.20	39.20	1.40	45.76	0.00
47.00	26.80	21.30	22.00	21.20	38.90	1.40	38.24	0.00
47.10	26.50	21.30	21.90	21.20	38.90	1.40	17.23	0.00
47.20	26.50	21.20	22.00	21.20	39.00	1.70	12.18	0.00
47.30	26.50	21.20	22.00	21.20	38.70	1.60	9.48	0.00
47.40	26.30	21.20	21.90	21.20	38.70	1.60	7.39	0.00
47.50	26.30	21.40	22.00	21.30	38.60	1.30	5.97	0.00
47.60	26.30	21.40	22.00	21.30	39.00	1.40	4.85	0.00
47.70	26.20	21.40	22.00	21.30	38.40	1.70	4.10	0.00
47.80	26.00	21.20	21.90	21.20	38.60	1.70	3.49	0.00
47.90	26.00	21.20	21.90	21.20	38.60	1.30	3.03	0.00
48.00	25.90	21.30	21.90	21.30	38.40	1.40	2.68	0.00
48.10	25.80	21.30	21.90	21.20	38.10	1.40	2.30	0.00
48.20	25.80	21.30	21.90	21.20	39.00	1.60	2.02	0.00
48.30	25.80	21.20	21.90	21.10	38.90	1.30	1.76	0.00
48.40	25.70	21.20	21.90	21.20	38.90	1.30	1.54	0.00
48.50	25.70	21.20	21.90	21.20	38.40	1.10	1.42	0.00
48.60	25.70	21.30	22.00	21.30	38.60	1.40	1.26	0.00
48.70	25.60	21.20	21.90	21.20	38.60	1.00	1.11	0.00
48.80	25.60	21.20	21.90	21.20	38.90	1.40	0.99	0.00
48.90	25.40	21.20	21.90	21.20	38.70	1.90	0.88	0.00
49.00	25.40	21.20	21.90	21.20	38.60	1.30	0.81	0.00
49.10	25.40	21.20	21.80	21.20	38.90	1.40	0.76	0.00
49.20	25.40	21.30	22.10	21.30	38.40	1.70	0.70	0.00
49.30	25.40	21.30	22.10	21.30	38.40	1.70	0.65	0.00
49.40	25.30	21.20	21.90	21.20	38.70	1.60	0.59	0.00
49.50	25.30	21.30	22.00	21.30	38.40	1.70	0.54	0.00
49.60	25.30	21.30	22.00	21.30	38.70	1.70	0.52	0.00
49.70	25.30	21.40	21.90	21.30	38.90	1.40	0.45	0.00
49.80	25.30	21.40	21.90	21.30	38.10	1.60	0.36	0.00
49.90	25.30	21.40	21.90	21.30	38.40	1.30	0.38	0.00
50.00	25.20	21.30	22.20	21.30	38.60	1.40	0.34	0.00
50.10	25.20	21.30	22.20	21.30	39.00	1.70	0.32	0.00
50.20	25.10	21.30	22.00	21.20	38.40	1.10	0.27	0.00
50.30	25.00	21.30	21.80	21.20	38.40	1.10	0.25	0.00
50.40	25.00	21.30	21.80	21.20	38.60	1.70	0.25	0.00
50.50	25.20	21.30	22.00	21.30	38.60	1.60	0.21	0.00
50.60	25.20	21.30	22.00	21.30	37.90	1.30	0.21	0.00
50.70	25.00	21.20	21.90	21.20	38.60	1.30	0.20	0.00
50.80	25.00	21.20	22.00	21.30	38.70	1.30	0.20	0.00
50.90	25.00	21.20	22.00	21.30	38.20	1.10	0.18	0.00
51.00	24.90	21.20	21.80	21.10	38.70	1.40	0.18	0.00
51.10	24.90	21.30	22.00	21.30	38.20	1.60	0.18	0.00
51.20	24.90	21.30	22.00	21.30	37.80	1.60	0.17	0.00
51.30	24.80	21.20	21.90	21.10	37.80	1.60	0.18	0.00
51.40	24.70	21.10	21.80	21.00	38.70	1.60	0.14	0.00
51.50	24.70	21.10	21.80	21.00	38.70	1.30	0.13	0.00
51.60	24.80	21.20	21.90	21.10	38.40	1.30	0.17	0.00
51.70	24.70	21.20	22.00	21.20	38.60	1.70	0.14	0.00
51.80	24.70	21.20	22.00	21.20	38.90	2.50	0.14	0.00
51.90	24.70	21.20	22.00	21.20	38.60	1.40	0.13	0.00
52.00	24.70	21.20	21.90	21.30	38.60	1.30	0.13	0.00
52.10	24.70	21.20	21.90	21.30	38.60	2.10	0.11	0.00
52.20	24.70	21.30	22.00	21.20	38.60	2.10	0.13	0.00
52.30	24.70	21.20	21.90	21.10	38.90	1.30	0.11	0.00
52.40	24.70	21.20	21.90	21.10	38.70	2.10	0.11	0.00
52.50	24.80	21.30	22.00	21.30	38.10	1.60	0.11	0.00
52.60	24.60	21.20	21.90	21.20	38.40	1.00	0.11	0.00
52.70	24.60	21.20	21.90	21.20	38.60	1.30	0.11	0.00
52.80	24.70	21.30	22.00	21.30	38.70	1.40	0.11	0.00
52.90	24.70	21.20	22.10	21.30	38.60	1.40	0.13	0.00
53.00	24.70	21.20	22.10	21.30	38.40	1.40	0.07	0.00
53.10	24.60	21.20	21.90	21.30	38.40	1.40	0.13	0.00
53.20	24.70	21.10	21.90	21.20	38.40	1.40	0.11	0.00
53.30	24.70	21.10	21.90	21.20	38.10	1.40	0.11	0.00
53.40	24.50	21.10	22.00	21.20	38.60	1.60	0.09	0.00
53.50	24.50	21.20	22.00	21.20	38.40	1.60	0.11	0.00
53.60	24.50	21.20	22.00	21.20	38.40	1.10	0.14	0.00
53.70	24.60	21.20	21.90	21.30	38.60	1.60	0.11	0.00
53.80	24.50	21.30	21.90	21.30	38.40	1.30	0.11	0.00
53.90	24.50	21.30	21.90	21.30	38.70	1.30	0.11	0.00
54.00	24.40	21.10	21.80	21.10	38.40	1.70	0.07	0.00
54.10	24.40	21.10	21.80	21.10	38.60	2.10	0.11	0.00
54.20	24.50	21.20	21.90	21.20	38.60	1.30	0.09	0.00
54.30	24.40	21.20	21.80	21.20	38.60	1.60	0.07	0.00
54.40	24.40	21.20	21.80	21.20	38.60	1.40	0.07	0.00
54.50	24.50	21.20	22.00	21.20	38.40	1.60	0.05	0.00
54.60	24.50	21.20	21.90	21.20	38.60	1.90	0.07	0.00
54.70	24.50	21.20	21.90	21.20	38.60	1.40	0.05	0.00
54.80	24.30	21.30	21.80	21.30	38.70	1.70	0.05	0.00
54.90	24.40	21.30	22.00	21.30	38.60	1.40	0.05	0.00
55.00	24.40	21.30	22.00	21.30	38.60	1.40	0.05	0.00
55.10	24.40	21.10	21.90	21.30	38.60	1.40	0.05	0.00
55.20	24.40	21.10	21.90	21.30	38.20	1.40	0.05	0.00
55.30	24.40	21.20	22.00	21.30	38.70	1.60	0.07	0.00
55.40	24.40	21.20	21.90	21.20	38.60	1.40	0.04	0.00
55.50	24.40	21.20	21.90	21.20	38.60	1.90	0.02	0.00
55.60	24.50	21.40	22.00	21.30	38.20	1.10	0.02	0.00
55.70	24.30	21.10	21.90	21.10	38.20	1.70	0.00	0.00
55.80	24.30	21.10	21.90	21.10	38.40	1.10	0.04	0.00
55.90	24.40	21.40	22.20	21.40	38.40	1.10	0.04	0.00
56.00	24.30	21.30	21.90	21.20	38.40	1.00	0.04	0.00
56.10	24.30	21.30	21.90	21.20	38.40	1.90	0.02	0.00
56.20	24.30	21.30	21.90	21.30	38.40	1.00	0.05	0.00
56.30	24.30	21.20	22.00	21.20	38.70	1.40	0.02	0.00
56.40	24.30	21.20	22.00	21.20	38.20	1.90	0.04	0.00
56.50	24.10	21.20	21.90	21.20	38.60	1.10	0.07	0.00
56.60	24.10	21.10	21.80	21.20	38.10	1.10	0.02	0.00
56.70	24.10	21.10	21.80	21.20	38.20	1.60	0.02	0.00
56.80	24.20	21.20	21.90	21.30	38.10	1.40	0.05	0.00
56.90	24.20	21.20	21.90	21.30	38.10	1.40	0.05	0.00
57.00	24.00	21.10	21.80	21.10	38.60	1.60	0.05	0.00
57.10	24.20	21.20	21.80	21.10	38.10	1.70	0.05	0.00
57.20	24.00	21.10	22.00	21.20	38.60	1.60	0.04	0.00
57.30	24.00	21.10	22.00	21.20	38.60	1.60	0.07	0.00
57.40	24.30	21.30	22.10	21.40	38.10	1.40	0.07	0.00
57.50	24.30	21.30	22.10	21.40	38.60	1.60	0.05	0.00
57.60	24.10	21.20	21.90	21.20	38.60	1.30	0.04	0.00
57.70	24.00	21.30	21.90	21.20	38.20	1.60	0.05	0.00
57.80	24.00	21.30	21.90	21.20	38.20	1.60	0.04	0.00
57.90	24.00	21.10	21.90	21.20	38.60	1.10	0.07	0.00
58.00	24.10	21.20	21.90	21.10	37.90	1.40	0.04	0.00
58.10	24.10	21.20	21.90	21.10	38.10	1.30	0.05	0.00
58.20	24.20	21.30	22.10	21.40	38.40	1.60	0.04	0.00
58.30	24.20	21.30	21.90	21.30	38.20	1.60	0.11	0.00
58.40	24.20	21.30	21.90	21.30	38.40	1.60	0.11	0.00
58.50	24.10	21.30	22.00	21.20	38.40	1.40	0.09	0.00
58.60	24.10	21.30	22.00	21.20	38.40	1.40	0.07	0.00
58.70	24.10	21.30	22.00	21.20	38.70	1.60	0.09	0.00
58.80	24.00	21.20	22.00	21.30	38.40	1.40	0.07	0.00
58.90	24.00	21.20	22.00	21.30	38.70	1.60	0.07	0.00
59.00	24.10	21.30	21.90	21.20	38.70	1.60	0.05	0.00
59.10	24.10	21.20	21.90	21.20	38.60	1.60	0.07	0.00
59.20	24.10	21.20	21.90	21.20	38.20	1.40	0.09	0.00
59.30	23.90	21.00	21.90	21.10	38.60	1.70	0.05	0.00
59.40	23.90	21.00	21.90	21.10	39.20	1.90	0.09	0.00
59.50	24.10	21.30	22.00	21.20	38.70	1.30	0.05	0.00
59.60	23.90	21.30	21.80	21.20	38.20	1.70	0.07	0.00
59.70	23.90	21.30	21.80	21.20	38.60	1.40	0.05	0.00
59.80	24.00	21.30	21.90	21.20	38.70	1.60	0.07	0.00
59.90	23.80	21.20	21.90	21.10	38.70	1.40	0.07	0.00
60.00	23.80	21.20	21.90	21.10	38.20	1.30	0.02	0.00
60.10	24.00	21.20	21.90	21.20	38.20	1.60	0.05	0.00
60.20	24.00	21.20	21.90	21.20	38.40	1.30	0.05	0.00
60.30	24.00	21.20	22.00	21.30	38.70	1.30	0.07	0.00
60.40	24.00	21.30	22.00	21.30	38.60	1.60	0.04	0.00
60.50	24.00	21.30	22.00	21.30	38.10	1.70	0.04	0.00
60.60	23.90	21.20	21.90	21.30	38.60	1.40	0.04	0.00
60.70	23.90	21.20	21.90	21.30	38.60	1.40	0.07	0.00
60.80	23.90	21.20	22.00	21.20	38.90	1.60	0.04	0.00
60.90	23.90	21.20	21.80	21.10	38.60	2.10	0.07	0.00
61.00	23.90	21.20	21.80	21.10	38.60	1.60	0.09	0.00
61.10	23.90	21.20	21.90	21.20	38.40	1.60	0.05	0.00
61.20	23.70	21.10	21.80	21.00	38.40	1.30	0.09	0.00
61.30	23.70	21.10	21.80	21.00	38.10	1.60	0.07	0.00
61.40	24.00	21.30	22.00	21.30	38.20	1.60	0.04	0.00
61.50	23.80	21.30	21.90	21.20	38.60	1.70	0.02	0.00
61.60	23.80	21.30	21.90	21.20	38.40	1.60	0.07	0.00
61.70	23.90	21.20	21.90	21.20	38.40	1.60	0.02	0.00
61.80	23.90	21.20	21.90	21.20	38.20	1.90	0.04	0.00
61.90	23.80	21.30	22.00	21.20	38.40	0.80	0.02	0.00
62.00	23.70	21.30	21.90	21.00	38.60	1.90	0.02	0.00
62.10	23.70	21.30	21.90	21.00	38.60	1.70	0.04	0.00
62.20	23.60	21.20	21.90	21.20	38.20	1.70	0.04	0.00
62.30	23.70	21.30	22.00	21.30	38.60	1.70	0.00	0.00
62.40	23.70	21.30	22.00	21.30	39.30	1.30	0.00	0.00
62.50	23.80	21.30	22.00	21.20	38.60	1.30	0.00	0.00
62.60	23.70	21.20	21.90	21.20	38.60	1.30	0.00	0.00
62.70	23.70	21.20	21.90	21.20	38.10	1.60	0.00	0.00
62.80	23.70	21.30	21.90	21.30	38.40	1.10	0.00	0.00
62.90	23.80	21.20	22.00	21.20	38.40	1.60	0.00	0.00
63.00	23.80	21.20	22.00	21.20	38.40	1.70	0.00	0.00
63.10	23.70	21.20	21.90	21.00	38.40	1.40	0.00	0.00
63.20	23.80	21.40	21.90	21.30	38.40	1.60	0.00	0.00
63.30	23.80	21.40	21.90	21.30	37.90	1.40	0.00	0.00
63.40	23.60	21.30	21.90	21.30	38.20	1.40	0.00	0.00
63.50	23.60	21.30	21.90	21.30	38.40	1.60	0.00	0.00
63.60	23.80	21.30	22.00	21.30	38.40	1.10	0.00	0.00
63.70	23.80	21.40	21.90	21.20	38.20	1.90	0.00	0.00
63.80	23.80	21.40	21.90	21.20	38.40	1.30	0.00	0.00
63.90	23.70	21.30	22.00	21.30	38.20	1.30	0.00	0.00
64.00	23.70	21.30	22.00	21.30	38.40	1.60	0.00	0.00
64.10	23.60	21.30	21.90	21.20	37.90	1.60	0.00	0.00
64.20	23.60	21.20	22.00	21.20	38.40	1.70	0.00	0.00
64.30	23.60	21.20	22.00	21.20	38.60	1.30	0.00	0.00
64.40	23.60	21.30	22.00	21.30	38.40	1.30	0.00	0.00
64.50	23.70	21.40	22.00	21.30	38.40	1.30	0.00	0.00
64.60	23.70	21.40	22.00	21.30	38.70	1.70	0.00	0.00
64.70	23.80	21.30	22.00	21.40	38.10	1.90	0.00	0.00
64.80	23.60	21.30	21.90	21.20	38.90	1.10	0.00	0.00
64.90	23.60	21.30	21.90	21.20	38.40	1.60	0.00	0.00
65.00	23.60	21.20	21.90	21.20	38.40	1.10	0.00	0.00
65.10	23.60	21.20	21.90	21.20	38.70	1.60	0.00	0.00
65.20	23.60	21.20	21.90	21.20	38.60	1.30	0.00	0.00
65.30	23.50	21.20	21.90	21.20	38.90	1.30	0.00	0.00
65.40	23.50	21.20	21.90	21.20	38.20	1.30	0.00	0.00
65.50	23.60	21.30	21.90	21.30	38.20	1.30	0.00	0.00
65.60	23.60	21.30	21.90	21.30	38.70	1.90	0.00	0.00
65.70	23.50	21.20	21.90	21.10	38.40	1.70	0.00	0.00
65.80	23.50	21.40	22.00	21.20	38.70	1.70	0.00	0.00
65.90	23.50	21.40	22.00	21.20	38.60	1.70	0.00	0.00
66.00	23.40	21.30	21.80	21.10	38.10	1.70	0.00	0.00
66.10	23.60	21.30	21.90	21.30	37.30	1.60	0.00	0.00
66.20	23.60	21.30	21.90	21.30	38.20	1.90	0.00	0.00
66.30	23.50	21.20	22.00	21.20	38.60	1.30	0.00	0.00
66.40	23.50	21.20	21.80	21.20	38.60	1.30	0.00	0.00
66.50	23.50	21.20	21.80	21.20	38.70	1.40	0.00	0.00
66.60	23.70	21.40	22.10	21.30	38.60	1.30	0.00	0.00
66.70	23.50	21.20	22.00	21.20	38.40	1.60	0.00	0.00
66.80	23.50	21.20	22.00	21.20	38.70	1.40	0.00	0.00
66.90	23.50	21.40	22.10	21.30	38.20	1.60	0.00	0.00
67.00	23.60	21.40	22.00	21.20	38.90	1.70	0.00	0.00
67.10	23.60	21.40	22.00	21.20	39.00	1.30	0.00	0.00
67.20	23.40	21.40	22.00	21.20	38.40	1.40	0.00	0.00
67.30	23.50	21.30	21.90	21.20	38.70	1.90	0.00	0.00
67.40	23.50	21.30	21.90	21.20	38.70	1.90	0.00	0.00
67.50	23.60	21.40	22.00	21.20	38.70	1.30	0.00	0.00
67.60	23.60	21.40	22.00	21.20	38.10	1.40	0.00	0.00
67.70	23.40	21.20	21.80	21.20	38.10	1.40	0.00	0.00
67.80	23.60	21.30	22.10	21.30	38.40	1.30	0.00	0.00
67.90	23.60	21.30	22.10	21.30	38.20	1.60	0.00	0.00
68.00	23.40	21.20	21.90	21.10	38.60	1.70	0.00	0.00
68.10	23.40	21.30	21.90	21.30	38.40	1.30	0.00	0.00
68.20	23.40	21.30	21.90	21.30	38.40	1.40	0.00	0.00
68.30	23.50	21.20	21.90	21.20	38.40	1.40	0.00	0.00
68.40	23.40	21.40	22.00	21.30	38.40	1.30	0.00	0.00
68.50	23.40	21.40	22.00	21.30	38.20	1.10	0.00	0.00
68.60	23.40	21.30	21.90	21.10	38.40	1.10	0.00	0.00
68.70	23.50	21.30	21.90	21.30	38.70	1.30	0.00	0.00
68.80	23.50	21.30	21.90	21.30	38.40	1.60	0.00	0.00
68.90	23.50	21.20	21.90	21.20	38.40	1.40	0.00	0.00
69.00	23.50	21.30	22.00	21.20	38.10	1.70	0.00	0.00
69.10	23.50	21.30	22.00	21.20	38.60	1.40	0.00	0.00
69.20	23.50	21.40	22.00	21.30	38.60	1.60	0.00	0.00
69.30	23.50	21.40	22.00	21.30	38.20	1.40	0.00	0.00
69.40	23.40	21.30	22.00	21.30	38.40	1.40	0.00	0.00
69.50	23.40	21.40	22.00	21.20	38.40	1.30	0.00	0.00
69.60	23.40	21.40	22.00	21.20	38.60	1.40	0.00	0.00
69.70	23.30	21.30	21.90	21.20	38.60	1.60	0.00	0.00
69.80	23.30	21.20	21.80	21.20	38.60	1.70	0.00	0.00
69.90	23.30	21.20	21.80	21.20	38.20	1.70	0.00	0.00
70.00	23.40	21.40	22.00	21.20	38.20	1.60	0.00	0.00
70.10	23.40	21.30	21.90	21.30	38.20	1.10	0.00	0.00
70.20	23.40	21.30	21.90	21.30	38.20	1.10	0.00	0.00
70.30	23.40	21.20	22.00	21.30	38.60	1.30	0.00	0.00
70.40	23.30	21.30	22.00	21.30	38.60	1.60	0.00	0.00
70.50	23.30	21.30	22.00	21.30	38.20	1.70	0.00	0.00
70.60	23.40	21.20	22.00	21.30	38.60	1.30	0.00	0.00
70.70	23.30	21.40	21.90	21.30	38.40	1.40	0.00	0.00
70.80	23.30	21.40	21.90	21.30	38.10	1.30	0.00	0.00
70.90	23.30	21.30	21.90	21.10	38.20	1.10	0.00	0.00
71.00	23.30	21.30	21.90	21.10	38.20	1.60	0.00	0.00
71.10	23.40	21.30	22.00	21.20	38.20	1.60	0.00	0.00
71.20	23.40	21.20	21.90	21.30	38.40	1.40	0.00	0.00
71.30	23.40	21.20	21.90	21.30	38.60	1.40	0.00	0.00
71.40	23.40	21.40	22.00	21.30	38.60	1.60	0.00	0.00
71.50	23.40	21.40	22.00	21.30	38.10	1.40	0.00	0.00
71.60	23.30	21.30	21.90	21.30	38.90	1.90	0.00	0.00
71.70	23.40	21.20	21.90	21.30	38.20	1.30	0.00	0.00
71.80	23.40	21.20	21.90	21.30	38.10	1.10	0.00	0.00
71.90	23.40	21.30	21.90	21.20	37.90	1.30	0.00	0.00
72.00	23.40	21.30	21.90	21.20	38.20	1.60	0.00	0.00
72.10	23.40	21.30	22.10	21.20	38.20	1.60	0.00	0.00
72.20	23.40	21.30	21.90	21.20	38.40	1.90	0.00	0.00
72.30	23.40	21.30	21.90	21.20	38.40	1.30	0.00	0.00
72.40	23.30	21.20	21.90	21.10	38.20	1.70	0.00	0.00
72.50	23.20	21.20	21.90	21.10	38.70	1.60	0.00	0.00
72.60	23.20	21.20	21.90	21.10	38.20	1.40	0.00	0.00
72.70	23.30	21.30	21.90	21.20	38.10	1.10	0.00	0.00
72.80	23.40	21.40	22.10	21.40	38.70	1.10	0.00	0.00
72.90	23.40	21.40	22.10	21.40	38.60	1.00	0.00	0.00
73.00	23.20	21.30	21.90	21.30	38.60	1.00	0.00	0.00
73.10	23.30	21.30	21.90	21.30	38.40	1.30	0.00	0.00
73.20	23.30	21.30	21.90	21.30	38.10	1.40	0.00	0.00
73.30	23.40	21.30	22.00	21.20	38.40	1.30	0.00	0.00
73.40	23.10	21.40	21.90	21.20	38.40	1.30	0.00	0.00
73.50	23.10	21.40	21.90	21.20	38.70	1.70	0.00	0.00
73.60	23.20	21.30	22.00	21.10	38.40	1.40	0.00	0.00
73.70	23.20	21.30	22.00	21.10	38.60	1.30	0.00	0.00
73.80	23.30	21.40	22.10	21.40	38.20	1.60	0.00	0.00
73.90	23.30	21.40	22.00	21.20	38.60	1.40	0.00	0.00
74.00	23.30	21.40	22.00	21.20	38.60	1.40	0.00	0.00
74.10	23.30	21.30	21.90	21.30	38.10	1.70	0.00	0.00
74.20	23.20	21.40	21.90	21.20	38.60	1.30	0.00	0.00
74.30	23.20	21.40	21.90	21.20	38.70	1.70	0.00	0.00
74.40	23.30	21.40	22.00	21.30	38.40	1.60	0.00	0.00
74.50	23.20	21.40	22.00	21.30	38.60	1.90	0.00	0.00
74.60	23.20	21.40	22.00	21.30	38.20	1.30	0.00	0.00
74.70	23.20	21.40	22.00	21.30	38.40	1.60	0.00	0.00
74.80	23.30	21.40	22.10	21.40	38.20	1.40	0.00	0.00
74.90	23.30	21.40	22.10	21.40	38.70	1.40	0.00	0.00
75.00	23.20	21.40	21.90	21.20	37.90	1.30	0.00	0.00
75.10	23.10	21.20	21.80	21.10	38.60	1.40	0.00	0.00
75.20	23.10	21.20	21.80	21.10	37.60	1.40	0.00	0.00
75.30	23.30	21.30	22.00	21.20	38.40	1.40	0.00	0.00
75.40	23.20	21.40	22.00	21.20	38.40	1.30	0.00	0.00
75.50	23.20	21.40	22.00	21.20	38.40	1.60	0.00	0.00
75.60	23.20	21.30	22.10	21.20	38.60	1.60	0.00	0.00
75.70	23.20	21.30	21.90	21.30	38.20	1.70	0.00	0.00
75.80	23.20	21.30	21.90	21.30	38.40	1.90	0.00	0.00
75.90	23.20	21.40	22.00	21.30	38.40	1.90	0.00	0.00
76.00	23.20	21.40	22.00	21.30	38.60	1.70	0.00	0.00
76.10	23.10	21.30	22.00	21.30	38.60	1.40	0.00	0.00
76.20	23.10	21.30	21.90	21.20	38.40	1.70	0.00	0.00
76.30	23.10	21.30	21.90	21.20	38.60	2.40	0.00	0.00
76.40	23.20	21.20	22.00	21.20	38.40	1.30	0.00	0.00
76.50	23.10	21.30	21.90	21.30	38.20	1.70	0.00	0.00
76.60	23.10	21.30	21.90	21.30	38.70	1.40	0.00	0.00
76.70	23.30	21.50	22.00	21.20	38.60	1.40	0.00	0.00
76.80	23.20	21.30	22.00	21.30	38.60	1.70	0.00	0.00
76.90	23.20	21.30	22.00	21.30	38.60	1.70	0.00	0.00
77.00	23.20	21.30	21.90	21.20	39.20	1.30	0.00	0.00
77.10	23.10	21.40	22.00	21.20	38.70	1.40	0.00	0.00
77.20	23.10	21.40	22.00	21.20	38.40	1.30	0.00	0.00
77.30	23.30	21.40	22.00	21.40	38.60	1.10	0.00	0.00
77.40	23.30	21.40	22.00	21.40	38.40	1.00	0.00	0.00
77.50	23.10	21.30	21.90	21.10	38.20	1.70	0.00	0.00
77.60	23.10	21.30	21.90	21.20	38.60	1.60	0.00	0.00
77.70	23.10	21.30	21.90	21.20	38.40	1.90	0.00	0.00
77.80	23.00	21.20	22.00	21.20	38.40	1.90	0.00	0.00
77.90	23.00	21.20	22.00	21.20	38.40	1.30	0.00	0.00
78.00	23.10	21.30	21.90	21.10	38.40	1.70	0.00	0.00
78.10	23.10	21.30	21.90	21.20	38.40	1.00	0.00	0.00
78.20	23.10	21.30	21.90	21.20	38.60	1.90	0.00	0.00
78.30	23.20	21.30	22.00	21.20	38.40	1.30	0.00	0.00
78.40	23.00	21.30	22.10	21.30	38.40	0.70	0.00	0.00
78.50	23.00	21.30	22.10	21.30	38.40	1.90	0.00	0.00
78.60	23.20	21.40	22.10	21.30	38.40	1.40	0.00	0.00
78.70	23.20	21.40	22.10	21.30	38.40	1.40	0.00	0.00
78.80	23.10	21.40	22.00	21.20	38.40	1.40	0.00	0.00
78.90	23.10	21.30	22.10	21.20	38.40	1.60	0.00	0.00
79.00	23.10	21.30	22.10	21.20	38.20	1.90	0.00	0.00
79.10	23.10	21.30	21.90	21.30	38.70	1.60	0.00	0.00
79.20	23.20	21.40	22.00	21.30	37.60	1.70	0.00	0.00
79.30	23.20	21.40	22.00	21.30	38.70	1.30	0.00	0.00
79.40	23.10	21.40	22.00	21.30	38.70	1.40	0.00	0.00
79.50	23.00	21.20	21.90	21.20	38.40	1.60	0.00	0.00
79.60	23.00	21.20	21.90	21.20	38.20	1.60	0.00	0.00
79.70	23.10	21.40	22.00	21.40	38.20	1.60	0.00	0.00
79.80	23.10	21.40	22.00	21.40	38.40	1.40	0.00	0.00
79.90	23.10	21.30	21.90	21.20	38.20	1.90	0.00	0.00
80.00	23.10	21.30	22.00	21.20	38.40	1.30	0.00	0.00
80.10	23.10	21.30	22.00	21.20	38.20	1.40	0.00	0.00
80.20	23.00	21.20	21.90	21.20	38.60	1.30	0.00	0.00
80.30	23.00	21.20	21.90	21.20	38.20	1.30	0.00	0.00
80.40	23.10	21.30	22.00	21.20	38.20	1.70	0.00	0.00
80.50	23.10	21.40	22.00	21.20	38.60	1.30	0.00	0.00
80.60	23.10	21.40	22.00	21.20	38.10	1.30	0.00	0.00
80.70	23.10	21.30	22.00	21.20	38.10	1.30	0.00	0.00
80.80	23.10	21.20	21.90	21.20	38.40	1.40	0.00	0.00
80.90	23.10	21.20	21.90	21.20	38.20	1.40	0.00	0.00
81.00	23.00	21.30	21.90	21.20	38.70	1.40	0.00	0.00
81.10	23.10	21.40	22.00	21.20	38.70	-0.60	0.00	0.00
81.20	23.10	21.40	22.00	21.20	38.10	1.60	0.00	0.00
81.30	23.00	21.30	22.00	21.20	38.40	1.70	0.00	0.00
81.40	23.00	21.30	22.00	21.20	38.20	1.70	0.00	0.00
81.50	23.10	21.30	21.90	21.10	38.10	1.40	0.00	0.00
81.60	23.10	21.30	22.00	21.20	38.10	1.70	0.00	0.00
81.70	23.10	21.30	22.00	21.20	38.20	1.40	0.00	0.00
81.80	23.10	21.30	22.00	21.30	38.40	1.40	0.00	0.00
81.90	23.00	21.20	21.90	21.30	38.10	1.70	0.00	0.00
82.00	23.00	21.20	21.90	21.30	38.20	0.80	0.00	0.00
82.10	22.90	21.40	22.10	21.20	38.60	1.60	0.00	0.00
82.20	23.10	21.40	22.10	21.40	38.10	1.10	0.00	0.00
82.30	23.10	21.40	22.10	21.40	38.10	2.10	0.00	0.00
82.40	23.00	21.30	21.90	21.20	38.40	1.90	0.00	0.00
82.50	23.00	21.30	21.90	21.20	38.90	1.10	0.00	0.00
82.60	23.00	21.30	21.90	21.20	38.90	1.10	0.00	0.00
82.70	23.00	21.40	21.90	21.20	38.90	1.60	0.00	0.00
82.80	23.20	21.40	22.00	21.30	38.40	1.70	0.00	0.00
82.90	23.20	21.40	22.00	21.30	38.70	1.90	0.00	0.00
83.00	23.10	21.40	22.00	21.40	38.10	1.40	0.00	0.00
83.10	23.00	21.30	21.90	21.20	38.70	1.70	0.00	0.00
83.20	23.00	21.30	21.90	21.20	38.20	1.60	0.00	0.00
83.30	22.90	21.20	21.80	21.20	39.00	1.30	0.00	0.00
83.40	23.00	21.30	22.00	21.20	38.40	-0.30	0.00	0.00
83.50	23.00	21.30	22.00	21.20	38.40	-0.30	0.00	0.00
83.60	23.00	21.30	22.00	21.20	38.40	1.40	0.00	0.00
83.70	23.00	21.30	21.90	21.20	38.10	1.70	0.00	0.00
83.80	23.00	21.30	21.90	21.20	38.70	1.40	0.00	0.00
83.90	23.00	21.30	22.00	21.20	38.10	1.60	0.00	0.00
84.00	23.00	21.30	22.00	21.20	38.20	2.10	0.00	0.00
84.10	23.10	21.30	22.00	21.30	37.90	1.70	0.00	0.00
84.20	22.90	21.20	21.80	21.20	38.70	1.70	0.00	0.00
84.30	22.90	21.20	21.80	21.20	38.10	1.40	0.00	0.00
84.40	23.00	21.30	22.00	21.30	38.10	1.40	0.00	0.00
84.50	23.00	21.30	22.00	21.30	38.10	1.40	0.00	0.00
84.60	23.00	21.30	22.00	21.30	38.60	1.00	0.00	0.00
84.70	22.90	21.30	21.90	21.20	38.40	1.40	0.00	0.00
84.80	22.90	21.30	21.90	21.20	38.70	1.30	0.00	0.00
84.90	22.90	21.30	22.00	21.20	38.60	1.30	0.00	0.00
85.00	22.90	21.30	21.90	21.20	37.00	1.40	0.00	0.00
85.10	22.90	21.30	21.90	21.20	38.20	1.70	0.00	0.00
85.20	23.00	21.20	22.00	21.20	38.70	1.10	0.00	0.00
85.30	23.00	21.40	22.00	21.30	38.20	1.70	0.00	0.00
85.40	23.00	21.40	22.00	21.30	38.10	1.70	0.00	0.00
85.50	22.90	21.20	21.90	21.20	38.60	1.40	0.00	0.00
85.60	23.00	21.40	22.00	21.20	38.70	1.30	0.00	0.00
85.70	23.00	21.40	22.00	21.20	38.60	1.60	0.00	0.00
85.80	23.00	21.30	22.10	21.30	38.60	1.30	0.00	0.00
85.90	23.00	21.30	21.90	21.30	38.40	1.60	0.00	0.00
86.00	23.00	21.30	21.90	21.30	38.60	1.70	0.00	0.00
86.10	22.90	21.20	21.90	21.20	38.60	1.60	0.00	0.00
86.20	22.90	21.20	21.90	21.20	38.40	1.30	0.00	0.00
86.30	22.90	21.30	22.00	21.20	38.60	1.70	0.00	0.00
86.40	22.90	21.30	22.00	21.20	38.60	1.70	0.00	0.00
86.50	23.10	21.40	22.00	21.30	38.40	-0.60	0.00	0.00
86.60	23.00	21.20	21.90	21.30	38.60	1.40	0.00	0.00
86.70	23.00	21.20	21.90	21.30	38.10	1.70	0.00	0.00
86.80	23.10	21.30	22.00	21.20	38.60	1.70	0.00	0.00
86.90	22.80	21.10	22.00	21.10	38.40	1.30	0.00	0.00
87.00	22.80	21.10	22.00	21.10	38.40	1.60	0.00	0.00
87.10	23.00	21.30	21.90	21.30	39.30	1.90	0.00	0.00
87.20	22.90	21.30	21.90	21.20	38.20	1.30	0.00	0.00
87.30	22.90	21.30	21.90	21.20	38.20	1.30	0.00	0.00
87.40	22.90	21.30	22.10	21.30	38.70	1.10	0.00	0.00
87.50	22.90	21.20	21.90	21.30	38.10	1.40	0.00	0.00
87.60	22.90	21.20	21.90	21.30	38.40	1.60	0.00	0.00
87.70	22.80	21.10	22.00	21.20	38.20	1.40	0.00	0.00
87.80	23.10	21.20	22.00	21.30	38.20	1.40	0.00	0.00
87.90	23.10	21.20	22.00	21.30	38.60	1.30	0.00	0.00
88.00	23.10	21.30	22.00	21.30	38.40	1.40	0.00	0.00
88.10	22.80	21.30	21.90	21.30	39.20	1.70	0.00	0.00
88.20	22.80	21.30	21.90	21.30	39.20	1.70	0.00	0.00
88.30	22.80	21.20	22.00	21.20	38.10	1.30	0.00	0.00
88.40	22.80	21.20	22.00	21.20	38.10	1.30	0.00	0.00
88.50	22.90	21.20	21.90	21.10	38.20	1.10	0.00	0.00
88.60	22.90	21.20	21.90	21.10	38.40	0.80	0.00	0.00
88.70	22.90	21.20	21.90	21.10	38.60	1.70	0.00	0.00
88.80	22.80	21.30	21.90	21.20	38.20	1.60	0.00	0.00
88.90	22.80	21.20	21.80	21.10	38.70	1.00	0.00	0.00
89.00	22.80	21.20	21.80	21.10	38.20	1.40	0.00	0.00
89.10	22.90	21.30	21.90	21.20	38.10	1.40	0.00	0.00
89.20	22.90	21.30	21.90	21.20	38.10	1.40	0.00	0.00
89.30	22.90	21.20	21.90	21.20	38.40	1.60	0.00	0.00
89.40	23.00	21.40	22.00	21.30	38.90	1.90	0.00	0.00
89.50	23.00	21.40	22.00	21.30	38.70	2.10	0.00	0.00
89.60	22.90	21.30	22.00	21.30	38.10	1.40	0.00	0.00
89.70	22.90	21.20	22.00	21.10	38.70	1.40	0.00	0.00
89.80	22.90	21.20	22.00	21.10	37.30	1.30	0.00	0.00
89.90	23.00	21.20	22.00	21.20	38.20	1.70	0.00	0.00
90.00	23.00	21.40	21.90	21.20	38.40	1.60	0.00	0.00
90.10	23.00	21.40	21.90	21.20	38.40	1.40	0.00	0.00
90.20	22.90	21.30	22.00	21.30	38.20	1.90	0.00	0.00
90.30	22.90	21.30	22.00	21.20	38.20	1.40	0.00	0.00
90.40	22.90	21.30	22.00	21.20	38.70	1.90	0.00	0.00
90.50	22.90	21.40	21.90	21.40	38.70	1.90	0.00	0.00
90.60	23.00	21.40	22.10	21.30	38.10	1.30	0.00	0.00
90.70	23.00	21.40	22.10	21.30	38.70	1.30	0.00	0.00
90.80	22.90	21.30	22.00	21.20	38.20	1.10	0.00	0.00
90.90	23.00	21.30	21.90	21.20	38.20	1.40	0.00	0.00
91.00	23.00	21.30	21.90	21.20	38.90	1.30	0.00	0.00
91.10	22.80	21.20	22.00	21.10	38.90	1.30	0.00	0.00
91.20	22.80	21.20	22.00	21.10	38.10	1.90	0.00	0.00
